Participant Name: Mable
Participant Gender: F
Participant ID: 0915
Test Date: 0915
Navi Mode: full
Trail No.:-1 Begins
262.8889: -0.003761296,0.06962124,1.359126,5.228719
263.3333: -0.003569253,0.07291345,1.356615,4.468066
263.7778: -0.003444891,0.07359383,1.36697,4.076798
264.2222: -0.01633854,0.03403698,1.393195,0.909824
264.6667: -0.04621256,-0.01224914,1.391811,339.4786
265.1111: -0.01134101,-0.05740294,1.385667,341.9303
265.5556: 0.06128479,-0.08007657,1.377897,5.173124
266: 0.09603266,-0.08843523,1.378294,18.52486
266.4445: 0.06672113,-0.06594388,1.375888,359.2097
266.8889: 0.03739747,-0.05697481,1.374912,340.9251
267.3333: 0.04512174,-0.05617636,1.371279,341.0554
267.7778: 0.07929383,-0.04326361,1.369718,357.1782
268.2222: 0.09809791,-0.03390441,1.370558,7.422935
268.6667: 0.1114334,-0.04144091,1.369553,17.44607
269.1111: 0.08835798,-0.03399842,1.361128,2.034329
269.5556: 0.06007335,-0.03284721,1.359099,347.9306
270: 0.05209847,-0.0277241,1.35824,346.2956
270.4445: 0.08460221,-0.02261955,1.356256,3.094798
270.8889: 0.09631684,-0.01447061,1.359863,14.23927
271.3333: 0.08302978,0.004307571,1.349641,13.89611
271.7778: 0.06102277,0.01192364,1.347408,15.20182
272.2222: 0.05281018,0.01397599,1.346171,17.44976
272.6667: 0.05253973,0.007927893,1.348858,17.626
273.1111: 0.0544887,0.001628696,1.350448,18.30353
273.5556: 0.04659445,-0.006178569,1.37467,13.11084
274: 0.04357013,-0.01374905,1.3635,11.82583
274.4445: 0.05955229,-0.004488307,1.358748,16.62077
274.8889: 0.0528746,0.001918553,1.361222,15.21388
275.3333: 0.03229304,-0.009508255,1.377903,2.629727
275.7778: 0.0536078,0.01561797,1.3716,1.91259
276.2222: 0.07659759,0.1511187,1.346833,0.05700082
276.6667: 0.02532179,0.3469065,1.34935,21.02502
277.1111: 0.09686251,0.5317978,1.334238,23.88143
277.5556: 0.2172737,0.7530082,1.350314,22.55952
278: 0.213658,0.9540731,1.345866,27.15578
278.4445: 0.3067425,1.08839,1.343927,25.05131
Tutorial Bubble: Sphere (1) Clicked
278.8889: 0.4003185,1.133192,1.345217,19.0729
279.3333: 0.3945523,1.145948,1.349199,11.69068
279.7778: 0.2735385,1.093802,1.352368,325.8866
Tutorial Bubble: Sphere Clicked
280.2222: 0.1178791,1.002832,1.355155,336.2309
280.6667: -0.01559502,1.02276,1.342876,314.4476
Tutorial Bubble: Sphere (2) Clicked
281.1111: -0.1789056,1.150644,1.345538,314.5709
281.5556: -0.3547288,1.15247,1.34292,320.3126
282: -0.5699483,1.09518,1.290642,323.5374
282.4445: -0.6210021,1.118597,1.290912,348.9323
282.8889: -0.4107372,1.112215,1.318405,41.46194
283.3333: -0.2552489,1.051388,1.32375,90.41924
283.7778: -0.2170015,1.06015,1.319724,128.7939
284.2222: -0.2455361,1.077769,1.352786,139.2406
284.6667: -0.3101999,1.041851,1.363339,134.9642
285.1111: -0.3278977,1.127854,1.347085,162.5519
285.5556: -0.2701454,1.258857,1.343431,139.9119
286: -0.335991,1.280034,1.348145,151.7995
286.4445: -0.4644703,1.275171,1.344342,161.9499
286.8889: -0.5359861,1.29016,1.340908,170.0349
287.3333: -0.4703248,1.296464,1.337734,145.1139
287.7778: -0.3825587,1.293158,1.337285,143.71
288.2222: -0.3737628,1.26541,1.332771,160.3098
288.6667: -0.4194444,1.273368,1.338379,171.9215
289.1111: -0.434038,1.295448,1.334196,154.3446
289.5556: -0.4563429,1.301744,1.322832,142.8279
290: -0.5076639,1.288094,1.319985,153.6467
290.4445: -0.5322131,1.265575,1.301799,161.832
290.8889: -0.5548726,1.26791,1.318085,167.6682
291.3333: -0.5634401,1.301119,1.340521,168.3289
291.7778: -0.5539002,1.332396,1.34618,158.6288
292.2222: -0.5313163,1.34586,1.335707,140.1167
292.6667: -0.5286835,1.329222,1.320616,143.2654
293.1111: -0.57262,1.278026,1.319832,168.9251
293.5556: -0.614261,1.166609,1.30606,222.188
294: -0.5324212,1.018612,1.331962,233.516
294.4445: -0.7002983,0.8556074,1.321449,236.1176
294.8889: -0.925963,0.6680812,1.343322,237.0966
295.3333: -1.106746,0.4252131,1.360158,235.2842
295.7778: -1.335116,0.3299114,1.358798,236.1861
Distance to Expected Destination: 0.7355932
Trail Result: Fail at object: TutorialDestination | Time Spent: -2.147484E+09
Trail No.:-1 Ends
Trail No.:0 Begins
311.3889: 0.07295273,-0.6166904,1.383528,0.8120301
311.8333: 0.05951602,-0.6520305,1.411396,353.3409
312.2778: 0.04512227,-0.64586,1.405928,348.0891
312.7222: 0.02251106,-0.5540488,1.388152,354.9103
313.1667: -0.01453887,-0.4732993,1.358075,357.6101
313.6111: -0.02351082,-0.4249786,1.319161,0.5923176
314.0556: -0.01529987,-0.4055625,1.279056,1.487722
314.5: -0.01023421,-0.387026,1.191958,357.4279
314.9445: -0.02480542,-0.3860593,1.208781,352.3983
315.3889: -0.03992891,-0.5067748,1.368725,353.1111
315.8333: -0.05794572,-0.5547445,1.398281,353.7868
316.2778: -0.07220052,-0.5635151,1.39561,349.5823
316.7222: -0.03338778,-0.5544934,1.392365,359.4838
317.1667: -0.04623959,-0.565189,1.404935,351.4063
317.6111: -0.03871924,-0.6468691,1.418196,357.319
318.0556: -0.03689877,-0.6244677,1.411046,359.1262
318.5: -0.03269412,-0.5606009,1.383689,357.4849
318.9445: -0.04477157,-0.5301888,1.370717,359.8026
319.3889: -0.04325592,-0.4324099,1.370313,359.2513
319.8333: 0.04641202,-0.1582232,1.373913,357.9707
320.2778: -0.02722576,0.1238364,1.354326,349.5749
320.7222: -0.08699058,0.4195285,1.359859,354.1214
321.1667: -0.022788,0.655654,1.37309,352.3183
321.6111: -0.05902648,0.7397152,1.381898,347.6447
322.0556: -0.1133087,0.7629611,1.381343,359.1313
322.5: -0.113601,0.7655237,1.383823,4.863494
322.9445: -0.04435322,0.7567239,1.375982,21.2337
323.3889: -0.008982221,0.7642471,1.376908,6.594101
323.8333: -0.05028745,0.7929683,1.370307,349.6548
324.2778: -0.06355543,0.792322,1.373788,7.704498
324.7222: -0.08912928,0.7654122,1.38103,356.4045
325.1667: -0.0939263,0.7592162,1.382401,7.835594
325.6111: -0.1583765,0.7619063,1.37895,350.4179
326.0556: -0.08943276,0.7783963,1.378442,15.34046
326.5: 0.0390603,0.8045425,1.373146,8.68209
326.9445: 0.008283925,0.821298,1.370693,345.8207
327.3889: -0.0622019,0.8320025,1.374132,357.2004
327.8333: -0.04140105,0.8547789,1.374707,4.13149
328.2778: 0.04251111,0.8602017,1.369909,10.28094
328.7222: 0.06320618,0.8700578,1.368402,9.19058
329.1667: -0.04447565,0.8708531,1.369615,346.1097
329.6111: -0.08603932,0.8696706,1.365288,353.4454
330.0556: -0.07462679,0.8744869,1.365314,356.7503
330.5: -0.01184351,0.8667342,1.369484,4.109698
330.9445: 0.01669499,0.8689812,1.372158,351.9717
331.3889: 0.02852103,0.864338,1.372157,349.8389
331.8333: 0.04961486,0.8480592,1.373477,7.473001
332.2778: 0.04277309,0.8388705,1.372517,4.332857
332.7222: -0.05165478,0.8323065,1.369082,341.675
333.1667: -0.08275437,0.8427119,1.366549,358.1874
333.6111: -0.05194587,0.8531272,1.366458,6.647337
334.0556: -0.0004566638,0.857734,1.367837,3.059513
334.5: 0.02317501,0.8719327,1.367318,1.344243
334.9445: -0.044345,0.881643,1.360761,347.8185
335.3889: -0.0376848,0.8717409,1.362792,2.865034
335.8333: 0.004906874,0.8654472,1.362579,9.779515
336.2778: 0.0007160651,0.8694442,1.361385,349.5525
336.7222: -0.08275515,0.8743456,1.359104,343.5016
337.1667: -0.090516,0.8710712,1.358715,0.9141945
337.6111: -0.0492659,0.8794286,1.355058,7.851057
338.0556: 0.01583752,0.8753805,1.357734,9.385672
338.5: -0.07308605,0.8784297,1.351215,331.8396
338.9445: -0.08933017,0.8766274,1.352448,355.4552
339.3889: -0.04456533,0.8718127,1.35301,7.648079
339.8333: -0.005335835,0.864197,1.348297,11.21219
340.2778: 0.02924707,0.8627446,1.351406,8.429035
340.7222: 0.01854242,0.8568953,1.349115,349.4487
341.1667: -0.07595861,0.8352575,1.347679,348.2691
341.6111: -0.08762562,0.8267272,1.34006,11.27267
342.0556: -0.1231133,0.8221123,1.334619,350.1578
342.5: -0.1160096,0.8295337,1.333936,358.368
342.9445: -0.03181892,0.8095782,1.342514,6.680495
343.3889: 0.02828642,0.8032114,1.335876,9.502088
343.8333: 0.0008585658,0.8038184,1.339376,353.1996
344.2778: -0.08358163,0.8163157,1.334543,345.4616
344.7222: -0.09392253,0.8297229,1.326485,4.731861
345.1667: -0.05417036,0.8234987,1.324088,15.88665
345.6111: -0.01566739,0.7973877,1.316278,11.74626
346.0556: 0.02773616,0.7893844,1.340853,16.66403
346.5: -0.05826586,0.7929162,1.332851,342.7285
346.9445: -0.09371869,0.7899325,1.326328,352.7245
347.3889: -0.06937545,0.7867908,1.322263,8.984036
347.8333: -0.05050431,0.7766249,1.323918,8.788035
348.2778: -0.08471829,0.7815527,1.316576,349.6998
348.7222: -0.04610819,0.7906071,1.316702,4.316243
349.1667: -0.01251127,0.7918358,1.318118,12.79709
349.6111: -0.02084342,0.791738,1.319796,6.046644
350.0556: -0.09212758,0.7912307,1.312768,345.1002
350.5: -0.09580088,0.7901828,1.304321,358.9055
350.9445: -0.08687575,0.7995809,1.297952,5.012093
351.3889: -0.09788959,0.7819002,1.313562,359.0376
351.8333: -0.1340553,0.7717522,1.302065,341.2694
352.2778: -0.1069239,0.7802223,1.300576,355.3154
352.7222: -0.03586848,0.7717788,1.30842,3.175809
353.1667: 0.001283608,0.7452446,1.30322,354.9432
353.6111: -0.02695462,0.7306984,1.301852,348.5058
354.0556: -0.07096186,0.7367157,1.299723,6.947837
354.5: -0.09372123,0.7284044,1.29435,10.01957
354.9445: -0.1174055,0.7248925,1.291633,356.9924
355.3889: -0.0992901,0.7262089,1.287295,359.2509
355.8333: -0.1065022,0.720967,1.288515,354.7768
356.2778: -0.07845637,0.7218448,1.290705,6.979704
356.7222: -0.08062027,0.7162987,1.289672,6.718624
357.1667: -0.1207745,0.7190875,1.286246,354.8801
357.6111: -0.105591,0.7306572,1.28234,4.424064
358.0556: -0.0766165,0.708986,1.288361,14.21386
358.5: -0.1047237,0.7158607,1.282004,356.1318
358.9445: -0.1238406,0.7285369,1.273837,350.6619
359.3889: -0.1090461,0.7355093,1.271113,356.4959
359.8333: -0.1166751,0.7318998,1.276595,357.5261
360.2778: -0.08878247,0.7144845,1.281323,8.003343
360.7222: -0.09556358,0.7056751,1.279504,4.528512
361.1667: -0.1269762,0.7235783,1.269045,351.0955
361.6111: -0.1364969,0.749814,1.24702,355.1009
362.0556: -0.1088174,0.7409475,1.259112,13.08584
362.5: -0.1139265,0.7319906,1.267714,16.32363
362.9445: -0.09654929,0.6762674,1.279542,2.597415
363.3889: -0.05875892,0.6080154,1.272748,352.9737
363.8333: 0.007292895,0.5506499,1.285542,15.02681
364.2778: -0.06158078,0.5534987,1.277379,352.425
364.7222: -0.2049664,0.5949688,1.278641,2.309198
365.1667: -0.2973319,0.6203142,1.267282,4.687111
365.6111: -0.3227242,0.6140523,1.249573,8.238606
366.0556: -0.3162004,0.6068674,1.263022,15.76007
366.5: -0.3534957,0.6054726,1.247953,7.483401
366.9445: -0.316276,0.6055706,1.250306,19.95094
Learning Tutorial: user selects target -1 position
367.3889: -0.330864,0.6021958,1.26683,12.96905
367.8333: -0.3187934,0.5213775,1.37355,3.72596
368.2778: -0.1992686,0.50354,1.369232,349.6267
368.7222: -0.0415699,0.4849901,1.367401,7.65537
369.1667: -0.02423871,0.4947352,1.365227,356.813
369.6111: -0.07403886,0.5246485,1.364637,351.0243
370.0556: -0.1452846,0.5495031,1.36142,1.534446
370.5: -0.1273124,0.5489376,1.361417,14.79314
370.9445: -0.1181713,0.5319654,1.362489,354.2123
371.3889: -0.1123945,0.526866,1.361696,349.7038
371.8333: -0.07604292,0.526433,1.360045,5.377025
372.2778: -0.04721686,0.5157771,1.359153,13.54258
372.7222: -0.08274076,0.5164204,1.359776,356.5375
373.1667: -0.130127,0.5394906,1.355242,355.0748
373.6111: -0.1285316,0.5386063,1.356542,7.489711
374.0556: -0.08854064,0.5238334,1.352606,17.80726
374.5: -0.08855636,0.5186845,1.353263,355.8752
374.9445: -0.1216014,0.5400952,1.350864,354.6564
375.3889: -0.1451692,0.5552831,1.347417,8.861785
375.8333: -0.1795435,0.5646654,1.341991,10.40223
376.2778: -0.261153,0.5772483,1.338577,356.6452
376.7222: -0.2800603,0.5598772,1.337728,2.846602
377.1667: -0.2172927,0.5397288,1.348674,10.8179
377.6111: -0.1352623,0.5322384,1.340558,8.329325
378.0556: -0.07315576,0.5267797,1.342721,2.268248
378.5: -0.06813829,0.5334322,1.343371,356.3885
378.9445: -0.07190941,0.5346029,1.344386,8.371103
379.3889: -0.1701172,0.544728,1.34021,342.4786
379.8333: -0.1532632,0.5508831,1.340065,6.133944
380.2778: -0.1269695,0.5519491,1.332429,9.387973
380.7222: -0.1166128,0.5531701,1.330014,2.760497
381.1667: -0.1324928,0.5490384,1.33913,358.794
381.6111: -0.1057024,0.5321082,1.345542,17.97669
382.0556: -0.1564046,0.5339133,1.340157,6.519135
382.5: -0.2194596,0.5200544,1.327104,359.8999
382.9445: -0.2667081,0.5083327,1.325332,0.324462
383.3889: -0.2794765,0.5083262,1.326104,359.6704
383.8333: -0.2109091,0.5064319,1.333143,12.9024
384.2778: -0.1342015,0.5137001,1.332059,7.048648
384.7222: -0.08576982,0.5071276,1.327084,352.672
385.1667: -0.03560693,0.4975941,1.323783,5.467228
385.6111: -0.06087958,0.5025645,1.322372,7.01037
386.0556: -0.1378952,0.5225307,1.322814,2.694043
386.5: -0.1611334,0.527921,1.325232,12.46424
386.9445: -0.2156824,0.5267731,1.313753,0.3506428
387.3889: -0.2429269,0.5387729,1.285883,1.507886
387.8333: -0.2299121,0.5385058,1.279431,16.77612
388.2778: -0.2770096,0.5280536,1.299189,358.4765
Learning Tutorial: user selects target -1 position
388.7222: -0.2722353,0.5070854,1.326692,359.4407
389.1667: -0.1977037,0.485881,1.374677,358.796
389.6111: -0.1486258,0.4781597,1.361514,336.2639
390.0556: -0.03537542,0.492988,1.368481,357.0828
390.5: 0.008411705,0.4773725,1.367463,3.264335
390.9445: -0.04920271,0.4727006,1.367223,351.8004
391.3889: -0.1662592,0.4756588,1.370075,350.441
391.8333: -0.1806735,0.4854019,1.361699,4.94073
392.2778: -0.1012237,0.4755297,1.369957,8.722266
392.7222: -0.0787224,0.464109,1.364477,344.1663
393.1667: -0.0530637,0.4670678,1.364585,350.0247
393.6111: -0.0335297,0.4690425,1.364432,1.17934
394.0556: -0.04032312,0.4623128,1.367007,10.94177
394.5: -0.1273312,0.4467917,1.362654,352.9396
394.9445: -0.1665288,0.439091,1.348345,9.723026
395.3889: -0.1971737,0.4410045,1.355396,5.535828
395.8333: -0.2045657,0.4362181,1.360924,3.708582
396.2778: -0.1384702,0.4283305,1.358719,16.77289
396.7222: -0.1594042,0.4352844,1.359707,348.6446
397.1667: -0.175414,0.4335414,1.353837,0.6597391
397.6111: -0.1812315,0.4311516,1.349819,15.20298
398.0556: -0.2268637,0.4301214,1.346786,355.668
398.5: -0.2071995,0.4214715,1.340302,4.283526
398.9445: -0.1938473,0.4110876,1.345042,10.06647
399.3889: -0.182612,0.3985482,1.346061,13.78142
399.8333: -0.2214007,0.407708,1.343171,353.2637
400.2778: -0.2033105,0.416835,1.338553,3.559955
400.7222: -0.1785908,0.4193767,1.338732,16.04463
401.1667: -0.1961133,0.4294247,1.338252,5.017889
401.6111: -0.2137751,0.4288506,1.334917,356.0326
402.0556: -0.1952751,0.4117582,1.336119,7.651841
402.5: -0.1797963,0.4010062,1.33081,13.21643
402.9445: -0.2042565,0.411135,1.329924,355.1205
403.3889: -0.1860559,0.4144653,1.327613,10.47202
403.8333: -0.1858907,0.4160189,1.323977,8.778644
404.2778: -0.2155466,0.4177805,1.323119,355.8014
404.7222: -0.2030273,0.4125003,1.321156,5.02307
405.1667: -0.2053925,0.4053468,1.323174,1.59437
405.6111: -0.225485,0.4030413,1.321526,352.8347
406.0556: -0.2209081,0.3967423,1.319841,356.6956
406.5: -0.1923472,0.3837373,1.319823,358.3304
406.9445: -0.1236386,0.3516448,1.329186,6.186445
407.3889: -0.08480665,0.2880947,1.318622,1.698488
407.8333: -0.06158454,0.2633457,1.327133,4.082597
408.2778: -0.04255095,0.2546352,1.333808,4.071898
408.7222: -0.05887741,0.247796,1.329379,348.5789
409.1667: -0.02915043,0.2448561,1.324959,1.989424
409.6111: -0.03353189,0.242434,1.322266,359.3474
410.0556: -0.05717376,0.2475473,1.316029,350.7666
410.5: -0.03389762,0.2477469,1.315326,10.32147
410.9445: -0.05162892,0.2519727,1.314511,356.4987
411.3889: -0.05807216,0.2538093,1.319968,351.9781
411.8333: -0.03953444,0.2524043,1.316107,3.835901
412.2778: -0.04709439,0.2471681,1.312731,1.691364
412.7222: -0.07689498,0.2440585,1.30986,345.6737
413.1667: -0.05055025,0.2427363,1.307178,1.464139
413.6111: -0.0393926,0.2421594,1.299219,5.70175
414.0556: -0.06592453,0.2509409,1.298082,347.6054
414.5: -0.05899364,0.2429849,1.31794,353.4426
414.9445: -0.03577735,0.2176481,1.346913,2.35727
415.3889: -0.05642052,0.2338002,1.313893,348.7918
415.8333: -0.03818198,0.2472587,1.301832,357.173
416.2778: 0.010644,0.250571,1.309012,14.66755
416.7222: 0.06425132,0.201915,1.325044,70.16394
417.1667: 0.004763471,0.1910168,1.332845,122.481
417.6111: -0.1572056,0.2751667,1.331152,165.8757
418.0556: -0.337716,0.2324992,1.289826,192.327
418.5: -0.4563594,0.2266109,1.332746,224.7338
418.9445: -0.432728,0.2396081,1.337628,216.9729
419.3889: -0.2121667,0.3417925,1.339408,96.8755
419.8333: -0.1426266,0.4165473,1.328391,16.86207
420.2778: -0.005107486,0.3074407,1.306474,6.570951
420.7222: -0.02823043,0.1917486,1.318752,6.005775
421.1667: -0.1063648,0.08384726,1.31992,4.509057
421.6111: -0.07615377,0.01391451,1.342546,2.672061
422.0556: 0.01052084,0.02464332,1.33003,358.9432
422.5: 0.05102189,0.02626168,1.338129,355.6638
422.9445: 0.01775665,0.02595934,1.332861,342.8871
423.3889: 0.03865005,0.03299802,1.330693,359.5792
423.8333: 0.0238234,0.0337965,1.327762,356.0538
Learning Tutorial: user starts reading map for 10 seconds
424.2778: 0.01055564,0.0365159,1.327669,351.9541
424.7222: 0.0166606,0.02540028,1.353106,354.9177
425.1667: 0.01972883,0.0231174,1.35174,355.1488
425.6111: 0.03218755,0.105237,1.278537,354.8526
426.0556: 0.06668769,0.158403,1.236769,355.7698
426.5: 0.08313091,0.1613628,1.230811,352.2234
426.9445: 0.06770119,0.1477736,1.219203,347.6413
427.3889: 0.04652537,0.1303582,1.282929,348.1217
427.8333: 0.06070667,0.09282796,1.336553,353.0031
428.2778: 0.04485905,0.06442806,1.353159,45.86639
428.7222: -0.07777156,0.1119301,1.313883,70.16651
429.1667: -0.09187014,-0.002844453,1.295018,100.7493
429.6111: -0.1637328,-0.1574828,1.277818,132.2383
430.0556: -0.1937159,-0.1860591,1.275585,137.1037
430.5: -0.1987098,-0.1777176,1.283405,130.1058
430.9445: -0.2005706,-0.1564435,1.282894,123.7317
431.3889: -0.2216985,-0.106572,1.284381,113.8231
431.8333: -0.2575552,0.0442964,1.297787,105.3158
432.2778: -0.299291,0.1153926,1.315469,98.65362
432.7222: -0.301217,0.1269791,1.308578,98.89413
433.1667: -0.2792439,0.1319108,1.311733,98.26717
433.6111: -0.296392,0.1414889,1.337224,95.72929
434.0556: -0.3194277,0.0949221,1.342533,135.2956
434.5: -0.3825411,0.06815226,1.337608,174.0694
434.9445: -0.298297,0.1758831,1.333615,86.18293
435.3889: -0.248469,0.2006642,1.252896,85.31125
435.8333: -0.2373009,0.1686439,1.363813,88.93389
436.2778: -0.1031433,0.02352251,1.364114,93.99483
436.7222: 0.03639794,0.007687971,1.353445,48.56052
437.1667: 0.1038532,0.1275927,1.343763,346.5643
437.6111: 0.2743951,0.07768245,1.341305,284.2343
438.0556: 0.429066,-0.00769414,1.339907,261.9989
438.5: 0.510231,-0.2185874,1.326721,243.3915
438.9445: 0.6394826,-0.1519715,1.362143,321.8763
439.3889: 0.8955782,-0.1403725,1.364608,62.21474
439.8333: 0.9696506,-0.04494509,1.371097,84.61364
440.2778: 0.9918289,0.08750232,1.36082,110.2914
440.7222: 1.064631,0.022373,1.325725,145.4758
441.1667: 1.275307,0.09791169,1.365214,99.34653
441.6111: 1.417388,0.2275891,1.361211,111.2748
442.0556: 1.490993,0.2988427,1.363921,116.9445
Learning Tutorial: user selects target 0 position
442.5: 1.511592,0.3091765,1.362468,119.3225
442.9445: 1.509573,0.3087776,1.36015,120.3436
443.3889: 1.509428,0.2606052,1.338975,154.7634
443.8333: 1.319554,0.2648315,1.321693,175.0541
444.2778: 1.089963,0.3384084,1.304906,200.8289
444.7222: 1.0496,0.4762442,1.29366,217.4671
445.1667: 1.01603,0.5639815,1.262176,228.6863
445.6111: 0.8139153,0.6387323,1.257849,231.8771
446.0556: 0.6485966,0.5221206,1.233054,229.639
446.5: 0.484599,0.2470419,1.254406,231.2137
446.9445: 0.2108034,0.1186603,1.237112,244.48
447.3889: 0.038775,0.07072569,1.2328,279.0483
447.8333: -0.05949962,-0.044328,1.205275,335.0648
448.2778: -0.02265609,-0.07619847,1.212467,354.8669
448.7222: 0.05317368,-0.07387399,1.343435,355.2393
449.1667: 0.09125637,0.00699026,1.356238,356.3823
449.6111: 0.0267423,0.06360255,1.329705,1.073637
450.0556: -0.0727668,0.07319436,1.369441,356.8461
450.5: -0.1123016,0.07107612,1.36446,356.7346
450.9445: -0.07679603,0.07770915,1.353816,11.84763
451.3889: -0.09360605,0.0659748,1.357989,356.7256
451.8333: -0.05507549,0.06193048,1.363196,13.62483
452.2778: -0.05190048,0.1093515,1.343401,7.635007
452.7222: -0.0729956,0.1054905,1.366989,2.86451
453.1667: -0.07814482,0.1013299,1.373104,4.967785
453.6111: -0.06630264,0.133111,1.363877,10.82602
454.0556: -0.07960919,0.1611555,1.357648,359.2082
454.5: -0.1167303,0.1585666,1.3506,348.3796
454.9445: -0.08999783,0.1424212,1.358148,0.8774317
455.3889: -0.09658852,0.1371426,1.351857,355.6415
455.8333: -0.1030765,0.122518,1.353072,354.1347
456.2778: -0.07667357,0.1125414,1.353802,4.578596
456.7222: -0.08251907,0.1166963,1.351775,3.405492
457.1667: -0.11921,0.1222795,1.350403,350.4757
457.6111: -0.09375428,0.1373959,1.346244,3.831491
458.0556: -0.09225594,0.1207521,1.352257,2.181929
458.5: -0.07633841,0.1228364,1.345867,9.936984
458.9445: -0.1248097,0.1244089,1.345865,348.0815
459.3889: -0.1045711,0.1305824,1.341899,3.394196
459.8333: -0.1267683,0.1286817,1.342374,349.8906
460.2778: -0.09086426,0.1224442,1.345356,9.611373
460.7222: -0.1062227,0.1294287,1.338902,354.1914
461.1667: -0.1102153,0.1229697,1.339562,354.8513
461.6111: -0.07407165,0.1293807,1.335124,14.50605
462.0556: -0.08281134,0.1166855,1.336359,4.153925
462.5: -0.08468733,0.09524027,1.342216,10.45373
462.9445: -0.09168811,0.1393976,1.32841,0.3161689
463.3889: -0.1270759,0.1642449,1.323128,351.4568
463.8333: -0.1148328,0.1683821,1.322306,0.523529
464.2778: -0.1350702,0.1560177,1.325649,351.7182
464.7222: -0.1050777,0.1489084,1.328732,4.539334
465.1667: -0.09189434,0.1400014,1.333133,6.158401
465.6111: -0.1109594,0.1562911,1.319586,354.0365
466.0556: -0.0889127,0.1562775,1.321717,5.555653
466.5: -0.102388,0.152941,1.325199,358.6068
466.9445: -0.1201119,0.1482518,1.321487,352.4786
467.3889: -0.1020392,0.1423477,1.315534,1.182399
467.8333: -0.09076631,0.1303736,1.319073,2.165754
468.2778: -0.107827,0.1267747,1.310783,354.3259
468.7222: -0.08688486,0.1106717,1.314375,359.2196
469.1667: -0.05729927,0.09609015,1.32036,8.679014
469.6111: -0.07226251,0.09345949,1.319928,355.2314
470.0556: -0.07922406,0.09274516,1.321022,356.0011
470.5: -0.09012453,0.08662459,1.318776,347.6084
470.9445: -0.06520756,0.09260985,1.319651,357.7994
471.3889: -0.03340245,0.09083465,1.321755,12.92931
471.8333: -0.07119486,0.09422161,1.317819,350.9401
472.2778: -0.07694292,0.09688587,1.314527,351.8036
472.7222: -0.04879498,0.101535,1.313307,3.728117
473.1667: -0.04425473,0.1056245,1.315578,4.640035
473.6111: -0.1100051,0.1296284,1.310483,354.8231
474.0556: -0.1059148,0.1200478,1.332708,354.4961
Learning Tutorial: user starts reading map for 10 seconds
474.5: -0.02403833,0.05438685,1.361846,0.5853921
474.9445: 0.002661299,0.04890254,1.360811,355.3741
475.3889: -0.02456851,0.05955764,1.344255,323.7513
475.8333: -0.05291388,0.02927028,1.335184,292.9807
476.2778: -0.04467382,-0.007089459,1.338814,281.6452
476.7222: 0.01520849,0.03271072,1.340859,326.5505
477.1667: 0.149088,-0.0437621,1.341613,76.50538
477.6111: 0.1560317,-0.02505995,1.34116,84.10194
478.0556: 0.1154226,0.04374091,1.336671,55.9002
478.5: 0.06943598,0.07195757,1.342081,40.84359
478.9445: 0.0420734,0.0580373,1.353575,34.2293
479.3889: -0.03157511,0.08276688,1.356712,22.12587
479.8333: -0.09660213,0.1964816,1.351373,12.61144
480.2778: -0.04873331,0.375734,1.354282,4.974354
480.7222: -0.06895272,0.5671738,1.35258,1.605348
481.1667: -0.192205,0.750322,1.354937,1.32193
481.6111: -0.2026381,0.8995372,1.346489,0.4669816
482.0556: -0.09351423,1.06925,1.337731,3.590489
482.5: 0.005101835,1.223492,1.334776,31.82927
482.9445: 0.03559478,1.375094,1.336258,61.0571
483.3889: 0.1513035,1.353414,1.32419,83.94328
483.8333: 0.2717175,1.199878,1.331258,106.9563
484.2778: 0.3344489,1.105953,1.328334,143.4207
484.7222: 0.4763175,1.072677,1.332705,153.5342
485.1667: 0.5923119,1.050399,1.329128,178.9285
485.6111: 0.6073464,0.9071789,1.255645,209.2352
486.0556: 0.6768197,0.8273491,1.239943,234.6874
486.5: 0.9299833,0.8472208,1.245186,241.625
486.9445: 1.025067,0.9471737,1.246701,260.7328
487.3889: 1.173631,1.104732,1.330426,270.7634
487.8333: 1.287272,1.077082,1.331648,266.1087
488.2778: 1.388512,0.9484831,1.316198,255.5069
488.7222: 1.440041,0.9055989,1.316285,237.5608
489.1667: 1.427351,0.9505206,1.310985,211.3865
489.6111: 1.547784,0.9441007,1.315631,198.6709
Learning Tutorial: user selects target 1 position
490.0556: 1.722263,0.8921832,1.311734,195.7554
490.5: 1.754604,0.8729236,1.310257,199.501
490.9445: 1.71533,0.9292538,1.327525,247.0529
491.3889: 1.707779,0.973116,1.326228,260.2439
491.8333: 1.707246,0.940818,1.282032,242.3887
492.2778: 1.675431,0.9221302,1.26839,246.1129
492.7222: 1.644742,0.8054057,1.270226,233.7527
493.1667: 1.432244,0.6947393,1.278888,230.7772
493.6111: 1.248134,0.5403269,1.262618,241.6606
494.0556: 1.044391,0.3026941,1.278312,244.5671
494.5: 0.7663211,0.1634161,1.265846,245.6106
494.9445: 0.7777357,-0.008747194,1.342125,167.5954
495.3889: 0.8852462,-0.09705427,1.340037,156.6127
495.8333: 0.9394063,-0.14231,1.337064,141.1153
496.2778: 0.913305,-0.1738486,1.336958,149.8703
496.7222: 0.8466908,-0.1751109,1.338721,185.1723
497.1667: 0.8060125,-0.1876196,1.300835,206.839
497.6111: 0.6481138,-0.1923131,1.26333,241.1284
498.0556: 0.4652348,-0.1793201,1.258352,245.5807
498.5: 0.4703805,-0.2351146,1.351243,231.9191
498.9445: 0.5212781,-0.2711352,1.365732,214.4801
499.3889: 0.5268428,-0.2618671,1.363778,214.3242
499.8333: 0.5532845,-0.2604688,1.358789,185.9142
500.2778: 0.5718819,-0.2533387,1.357047,174.3574
500.7222: 0.5018584,-0.2103713,1.363027,202.9428
501.1667: 0.4130169,-0.2546223,1.353699,209.8406
501.6111: 0.3844525,-0.3976033,1.357831,194.1767
502.0556: 0.2608569,-0.4851523,1.35878,152.5158
502.5: 0.1241914,-0.4895746,1.361417,122.3914
502.9445: 0.03593761,-0.3716471,1.354094,99.70687
503.3889: -0.05220183,-0.3333085,1.363605,90.25384
503.8333: -0.07810839,-0.493166,1.366117,92.33855
504.2778: -0.09019984,-0.5785912,1.366795,95.61233
504.7222: -0.1021327,-0.5919254,1.367796,98.88565
505.1667: -0.10694,-0.6052101,1.362153,88.67599
505.6111: -0.1027309,-0.6035671,1.360722,77.3969
506.0556: -0.1204178,-0.5598252,1.364539,72.9718
506.5: -0.1300071,-0.5435513,1.366036,75.12601
506.9445: -0.1397488,-0.5500815,1.366428,76.77876
507.3889: -0.1416305,-0.5580639,1.366136,78.40218
507.8333: -0.1397626,-0.5599858,1.368384,79.44916
508.2778: -0.1439096,-0.5688286,1.367574,79.38464
508.7222: -0.1431068,-0.5655001,1.367607,79.75322
509.1667: -0.1383297,-0.5651717,1.367452,80.09911
509.6111: -0.139449,-0.5672268,1.365984,80.01388
510.0556: -0.141172,-0.5672762,1.367027,80.7476
510.5: -0.1413484,-0.5686045,1.366541,80.16908
510.9445: -0.142225,-0.57279,1.366817,80.10696
511.3889: -0.1376262,-0.5724697,1.365728,79.7924
511.8333: -0.1377415,-0.5708921,1.366139,79.84452
512.2778: -0.1411446,-0.5721751,1.367062,79.07415
512.7222: -0.1391316,-0.5737686,1.366587,79.38594
513.1667: -0.1395387,-0.5709792,1.365522,79.79663
513.6111: -0.1407234,-0.5710483,1.365358,81.04674
514.0555: -0.1399037,-0.5663999,1.36606,79.52795
514.5: -0.1484263,-0.565787,1.365987,79.58595
514.9445: -0.1523683,-0.5662785,1.367172,80.83293
515.3889: -0.152603,-0.5672887,1.365887,80.1607
515.8334: -0.1563077,-0.5719885,1.365648,80.22282
516.2778: -0.1543419,-0.5676877,1.365194,80.1591
516.7222: -0.1486251,-0.5490269,1.365993,78.4855
517.1667: -0.1610485,-0.5118636,1.387098,73.2978
517.6111: -0.1893553,-0.4326238,1.381095,62.07911
518.0555: -0.1959997,-0.3675694,1.375626,61.6271
518.5: -0.1850064,-0.3369302,1.354771,62.04937
518.9445: -0.160496,-0.3505569,1.362787,63.53392
519.3889: -0.09858114,-0.4251827,1.365116,64.83147
519.8334: -0.04674684,-0.4783308,1.364848,67.17759
520.2778: -0.0347624,-0.4990315,1.367854,65.75571
520.7222: -0.02556671,-0.5050891,1.370268,65.65673
521.1667: -0.03053408,-0.5018479,1.369678,65.95699
521.6111: -0.04145124,-0.5014194,1.368557,66.58084
522.0555: -0.0459062,-0.5046303,1.366292,67.18684
522.5: -0.0476883,-0.502252,1.368072,66.52232
522.9445: -0.04832345,-0.5023429,1.371628,66.44995
523.3889: -0.04335442,-0.5008137,1.374281,65.67038
523.8334: -0.03884928,-0.5047129,1.372539,64.68411
524.2778: -0.02117785,-0.5016381,1.363634,60.56877
524.7222: -0.02326143,-0.5160116,1.366819,61.55961
525.1667: -0.02300711,-0.5192358,1.365264,62.93095
525.6111: -0.03039957,-0.5204584,1.365814,62.22575
526.0555: -0.03611013,-0.5229274,1.365508,63.17413
526.5: -0.03885875,-0.5267062,1.365651,64.4801
526.9445: -0.03795204,-0.5241778,1.365556,65.02306
527.3889: -0.03308263,-0.5233805,1.365328,65.4043
527.8334: -0.02883033,-0.5271354,1.365169,65.6359
528.2778: -0.008284229,-0.5437157,1.36261,71.16499
528.7222: 0.007458361,-0.5532342,1.362772,73.62597
529.1667: 0.01920773,-0.5370206,1.337033,67.40126
529.6111: 0.036417,-0.4775042,1.297917,46.01157
530.0555: -0.05942729,-0.4365574,1.243372,24.6771
530.5: -0.2202407,-0.4328865,1.213035,18.1664
530.9445: -0.2682021,-0.4362878,1.325399,16.01176
531.3889: -0.1280598,-0.3226157,1.356763,15.58555
531.8334: -0.007526692,-0.2087571,1.354623,70.5644
532.2778: -0.04754391,-0.1530525,1.354435,145.5019
532.7222: -0.1457152,-0.2003209,1.347135,177.3454
533.1667: -0.2202431,-0.2324162,1.346386,189.9456
533.6111: -0.04902324,-0.0628804,1.344819,84.4123
534.0555: -0.0236024,0.09132314,1.348898,9.469215
534.5: 0.08912954,0.05920849,1.349256,352.0118
534.9445: 0.1018128,0.03813604,1.361277,352.8681
535.3889: 0.0227767,0.04963116,1.35706,355.1158
535.8334: -0.02332857,0.06966078,1.351815,5.081818
536.2778: -0.1132892,0.08535908,1.340017,348.0945
536.7222: -0.1170591,0.08720176,1.343569,354.2421
537.1667: -0.08983655,0.08517791,1.348524,10.62401
537.6111: -0.1003263,0.08609461,1.342866,13.32473
538.0555: -0.1208668,0.06264821,1.335249,0.3948399
538.5: -0.1032127,0.05055658,1.357725,5.131428
538.9445: -0.09968567,0.05555475,1.355445,4.351647
539.3889: -0.1134119,0.06065011,1.350446,1.669795
539.8334: -0.14239,0.05735373,1.348184,348.8068
540.2778: -0.1187247,0.06178241,1.348061,2.915715
540.7222: -0.1094344,0.05902002,1.348443,4.950285
541.1667: -0.1301991,0.07527742,1.3469,353.0178
541.6111: -0.07202997,0.1022166,1.349746,358.3089
542.0555: 0.0006769001,0.133486,1.337791,5.129225
542.5: -0.05330377,0.1205303,1.358547,345.4122
542.9445: -0.04722288,0.1221939,1.359035,354.041
543.3889: -0.03618316,0.1198285,1.358245,357.506
543.8334: -0.01812633,0.118475,1.355749,5.857174
544.2778: -0.05002237,0.122276,1.347948,344.2779
544.7222: -0.02217005,0.1167561,1.351093,0.7777098
545.1667: -0.02110948,0.1158845,1.34386,359.1567
545.6111: -0.03737585,0.1097862,1.346521,349.5119
546.0555: -0.01251141,0.107869,1.347615,3.714795
546.5: -0.00593836,0.1093757,1.345783,4.936708
546.9445: -0.04444856,0.1098074,1.345203,345.8373
547.3889: -0.02829979,0.1169256,1.345007,358.2112
547.8334: -0.0449733,0.118618,1.335996,4.497494
548.2778: -0.1119351,0.1055024,1.305003,355.8238
548.7222: -0.0141202,0.03873964,1.198793,5.666403
549.1667: 0.05177031,0.002137589,1.170775,7.014139
549.6111: -0.07472987,0.06456175,1.319156,6.247616
Learning Tutorial: user starts reading map for 10 seconds
550.0555: -0.06030419,0.08191238,1.343765,1.753489
550.5: -0.02913515,0.1164959,1.358766,4.054052
550.9445: -0.005850926,0.09961873,1.372638,15.55238
551.3889: -0.003724428,0.08143337,1.376553,17.84715
551.8334: 0.002881633,0.08961038,1.366911,13.46308
552.2778: 0.00830251,0.1062708,1.337117,10.45843
552.7222: 0.007741204,0.1135167,1.334347,10.47729
553.1667: 0.002564028,0.112297,1.337555,10.55757
553.6111: -0.005127949,0.1198775,1.336139,12.22168
554.0555: -0.006533233,0.1221089,1.33768,17.00745
554.5: -0.01315073,0.1225051,1.336466,15.38228
554.9445: -0.03105734,0.1296369,1.335807,13.63261
555.3889: -0.0936802,0.1344181,1.33571,352.2942
555.8334: -0.1112434,0.1703695,1.33538,351.9228
556.2778: 0.006253652,0.3181248,1.336403,3.068809
556.7222: 0.09335279,0.4764988,1.339392,1.31819
557.1667: 0.008228023,0.6665086,1.336487,1.742682
557.6111: -0.08142591,0.8304485,1.342567,11.2306
558.0555: -0.05079805,0.9758794,1.328243,16.72542
558.5: 0.06781624,1.138878,1.334708,36.91394
558.9445: 0.06359683,1.278569,1.321227,40.97451
559.3889: 0.0099978,1.430322,1.319921,43.32351
559.8334: 0.07467984,1.45606,1.309713,90.66337
560.2778: 0.184058,1.313727,1.30837,96.87974
560.7222: 0.3578618,1.294711,1.30729,109.1714
561.1667: 0.5397682,1.361807,1.332326,117.2128
561.6111: 0.6785572,1.236619,1.314894,134.2771
562.0555: 0.8771436,1.051699,1.3211,132.8616
562.5: 1.16963,0.938559,1.324847,131.5746
562.9445: 1.372887,0.7934252,1.327931,130.6981
563.3889: 1.531626,0.5343058,1.334701,138.2075
563.8334: 1.709122,0.3680316,1.334398,146.5123
564.2778: 1.865596,0.2301658,1.352847,187.739
564.7222: 1.790364,0.2652327,1.338578,270.5927
565.1667: 1.8383,0.3016758,1.34039,301.397
565.6111: 1.877637,0.1574824,1.343874,209.3571
566.0555: 1.994784,0.09850682,1.339355,152.8508
566.5: 1.91314,-0.1284631,1.350663,151.0099
566.9445: 1.89916,-0.3210405,1.350097,151.3247
567.3889: 1.996323,-0.4155549,1.352738,147.7072
Learning Tutorial: user selects target 2 position
567.8334: 2.01119,-0.4443178,1.349633,144.0066
568.2778: 2.002943,-0.4714035,1.350823,147.383
568.7222: 2.002016,-0.4856976,1.352493,151.9498
569.1667: 1.984696,-0.5037501,1.349049,158.1822
569.6111: 1.928048,-0.5185961,1.348047,184.9725
570.0555: 1.934639,-0.5038338,1.348845,180.3514
570.5: 1.939484,-0.4965358,1.348201,176.9523
570.9445: 1.95233,-0.4983959,1.348393,175.0566
571.3889: 1.946006,-0.517406,1.345133,185.2959
571.8334: 1.761081,-0.4619968,1.346264,215.7909
572.2778: 1.632562,-0.3286057,1.351946,276.4052
572.7222: 1.736023,-0.3374189,1.35833,322.4183
573.1667: 1.74736,-0.3893509,1.346354,316.8403
573.6111: 1.561885,-0.3927693,1.289943,288.9413
574.0555: 1.404542,-0.2197662,1.348796,326.9949
574.5: 1.083714,-0.239825,1.353067,323.2458
574.9445: 0.7759575,-0.1707795,1.341041,331.6368
575.3889: 0.4857365,-0.06212047,1.360278,336.2982
575.8334: 0.1989476,-0.09619313,1.36133,2.721764
576.2778: 0.01080735,-0.03562591,1.347001,353.3433
576.7222: -0.003181448,0.06700069,1.354227,346.4794
577.1667: -0.05056362,0.08454311,1.349557,1.83846
577.6111: -0.2009292,0.07053311,1.3527,358.3065
578.0555: -0.2715083,0.05850677,1.34415,2.250869
578.5: -0.2903987,0.06682065,1.337071,8.02997
578.9445: -0.2673097,0.0009405017,1.36416,11.79998
579.3889: -0.1801143,-0.06371932,1.356212,2.909612
579.8334: -0.1272513,-0.07284474,1.256128,357.736
580.2778: -0.07329485,-0.01698119,1.187543,1.08347
580.7222: -0.1026573,0.07214285,1.269361,7.707912
581.1667: -0.07801625,0.07879631,1.348007,5.976352
Learning Tutorial: user starts reading map for 10 seconds
581.6111: 0.002677608,0.05746356,1.353577,0.9520126
582.0555: 0.01151882,0.05424794,1.36167,359.1198
582.5: -0.0005881526,0.05257187,1.36104,0.2577628
582.9445: 0.003289396,0.04421002,1.360645,2.183038
583.3889: -0.005458191,0.03927075,1.360714,1.065426
583.8334: -0.01429898,0.04386511,1.359139,0.4902128
584.2778: -0.0150834,0.04877844,1.357949,1.373789
584.7222: -0.01397455,0.05103385,1.357998,1.58072
585.1667: -0.01203226,0.04840892,1.358166,1.654926
585.6111: -0.01261112,0.04619435,1.358339,1.354204
586.0555: -0.01070381,0.04859599,1.353766,3.183829
586.5: -0.01159309,0.0540832,1.358403,2.520659
586.9445: -0.01044878,0.05336406,1.358297,2.608565
587.3889: -0.009686933,0.05015571,1.35826,3.221876
587.8334: -0.009594613,0.05146749,1.357461,2.735734
588.2778: -0.006524451,0.05406059,1.356813,1.947158
588.7222: 0.03843377,0.0526991,1.360072,359.3872
589.1667: 0.06714228,0.05021197,1.354666,346.3282
589.6111: -0.03119551,-0.141218,1.364504,315.4074
590.0555: -0.08419574,-0.3710668,1.362633,291.6011
590.5: -0.1553687,-0.4045672,1.36573,254.8597
590.9445: -0.1963516,-0.5297149,1.350778,225.7207
591.3889: -0.1961404,-0.7767485,1.372984,213.2723
591.8334: -0.3039704,-0.9412621,1.367348,208.6951
592.2778: -0.4828198,-1.095379,1.381676,217.6422
592.7222: -0.5454455,-1.286265,1.37999,227.5015
593.1667: -0.5954159,-1.443717,1.393407,244.2557
593.6111: -0.7102836,-1.39436,1.388666,264.7454
594.0555: -0.7406001,-1.17053,1.380674,328.4464
594.5: -0.862865,-1.05831,1.370448,345.2132
594.9445: -1.015473,-0.919802,1.380333,24.21996
595.3889: -1.127608,-0.6933578,1.346897,343.2794
595.8334: -1.180015,-0.4035743,1.366299,337.8469
596.2778: -1.329967,-0.154876,1.359601,337.4074
596.7222: -1.399594,0.1056868,1.34296,333.9732
597.1667: -1.428492,0.4059745,1.347148,330.0919
597.6111: -1.559655,0.610438,1.318018,330.3014
598.0555: -1.675804,0.7567651,1.32924,330.1185
Learning Tutorial: user selects target 3 position
598.5: -1.693638,0.8313667,1.331301,331.5661
598.9445: -1.697909,0.8992092,1.331315,2.212921
599.3889: -1.521602,0.9236069,1.334577,63.54961
599.8334: -1.369815,1.008603,1.319228,49.93372
600.2778: -1.231508,1.122591,1.314412,59.16657
600.7222: -1.064372,1.150734,1.324344,53.51141
601.1667: -0.8563262,0.9500065,1.33434,48.25718
601.6111: -0.623966,0.9092146,1.296845,26.33044
602.0555: -0.3880703,0.858844,1.309469,30.73835
602.5: -0.1570932,0.6294701,1.312625,38.05234
602.9445: 0.1290292,0.4868447,1.223095,90.00313
603.3889: 0.3477775,0.4354343,1.203458,114.9201
603.8334: 0.3820174,0.4172533,1.196123,44.33334
604.2778: 0.2396409,0.268245,1.184593,356.6071
604.7222: 0.07145046,0.08284988,1.156098,10.19363
605.1667: 0.09813619,-0.09414241,1.206252,8.754461
605.6111: 0.1019658,-0.1882001,1.33502,3.017562
606.0555: -0.04309523,-0.01652366,1.338637,356.6112
606.5: -0.02497059,0.06829225,1.345996,357.6198
Learning Tutorial: user starts reading map for 10 seconds
606.9445: 0.02248222,0.1110099,1.347314,358.4718
607.3889: 0.04313508,0.1087372,1.346516,357.2116
607.8334: 0.03325472,0.117369,1.345137,355.3187
608.2778: 0.03172374,0.1153964,1.344673,355.951
608.7222: 0.03036201,0.1151777,1.344568,355.1998
609.1667: 0.01057775,0.1084469,1.343126,344.0762
609.6111: 0.0404745,0.1110093,1.343927,355.9801
610.0555: 0.05240972,0.1163455,1.342451,356.2378
610.5: 0.07222874,0.1240426,1.342899,355.4301
610.9445: 0.1122731,0.1876495,1.341487,350.8879
611.3889: 0.001042167,0.3435121,1.344398,349.1257
611.8334: -0.04427418,0.482947,1.34222,350.9275
612.2778: 0.03946716,0.6678256,1.345668,348.9018
612.7222: 0.08575849,0.8667939,1.33509,348.7742
613.1667: 0.01467438,1.013387,1.320921,350.1084
613.6111: -0.07117227,1.16211,1.328002,344.5796
614.0555: -0.03544914,1.334826,1.316083,342.541
614.5: 0.02442428,1.513644,1.322878,345.4503
614.9445: -0.04129928,1.64185,1.313287,343.4582
615.3889: -0.1736358,1.762468,1.317223,338.5276
615.8334: -0.2287508,1.910985,1.303066,336.8358
616.2778: -0.2250515,2.097514,1.29387,334.1931
616.7222: -0.2657803,2.168173,1.298453,322.5158
617.1667: -0.3432614,2.029446,1.298793,319.0305
617.6111: -0.4032758,1.881665,1.305569,322.2981
618.0555: -0.2772222,1.797377,1.312858,331.0778
618.5: -0.2182772,1.740377,1.310736,329.4709
618.9445: -0.3544453,1.543593,1.316878,317.9743
619.3889: -0.4378611,1.395805,1.318294,314.8734
619.8334: -0.3323945,1.353157,1.324515,325.1488
620.2778: -0.273253,1.316396,1.314883,323.1399
620.7222: -0.3938705,1.146839,1.32388,312.0481
621.1667: -0.5302217,1.014435,1.33065,308.7353
621.6111: -0.6337942,1.039292,1.318713,301.5286
622.0555: -0.7139621,1.192617,1.322875,304.6406
622.5: -0.765831,1.257025,1.316843,309.991
Learning Tutorial: user selects target 4 position
622.9445: -0.8372928,1.238319,1.323703,312.2108
623.3889: -0.8920355,1.233709,1.32034,310.0148
623.8334: -0.8945395,1.21559,1.321655,311.357
624.2778: -0.8998773,1.217944,1.319609,311.137
624.7222: -0.8962061,1.212433,1.31952,311.4434
625.1667: -0.8858637,1.209788,1.322308,312.7284
625.6111: -0.8334821,1.250022,1.32436,348.6304
626.0555: -0.8307269,1.118255,1.323306,38.10896
626.5: -0.8791617,0.9541273,1.338593,39.18092
626.9445: -0.7225857,0.5603101,1.298021,100.6838
627.3889: -0.5677946,0.3574947,1.279256,122.1626
627.8334: -0.3061433,0.3142177,1.332776,54.5396
628.2778: -0.1096085,0.1223003,1.345489,3.93854
628.7222: -0.06041175,-0.09378363,1.360297,5.018229
629.1667: -0.10809,-0.2616058,1.367309,345.4314
629.6111: 0.05548744,-0.2146613,1.36303,357.9495
630.0555: 0.1792782,-0.1175096,1.358021,355.3814
630.5: 0.06556062,-0.06442553,1.347377,354.7745
630.9445: 0.03959397,-0.02181253,1.335585,356.6831
631.3889: 0.1260099,0.007155321,1.358507,4.843834
631.8334: 0.09434514,-0.005227676,1.35741,345.4211
632.2778: 0.1210101,-0.0009299368,1.351155,354.141
632.7222: 0.1320355,0.001530691,1.34614,1.255267
633.1667: 0.08366223,0.002669104,1.34531,346.4591
633.6111: 0.1023998,0.002831267,1.349655,359.3369
634.0555: 0.07728513,0.00780851,1.342124,344.6523
634.5: 0.09043742,0.003816123,1.342153,356.9149
634.9445: 0.1149786,0.0174028,1.326216,5.787869
635.3889: 0.04674862,0.03657837,1.324168,340.2175
635.8334: 0.05471016,0.02652077,1.338759,353.7956
636.2778: 0.06061007,0.03681772,1.330253,1.164905
636.7222: 0.0141321,0.02523838,1.316167,356.1164
637.1667: -0.004473293,-0.003730965,1.299109,8.493683
637.6111: 0.0950188,-0.1082075,1.284807,1.374999
638.0555: 0.2126383,-0.1521414,1.190628,358.6617
638.5: 0.211578,-0.1643132,1.30038,350.1349
638.9445: 0.06327683,-0.09023641,1.338613,356.8548
Trail Result: Success object: Learning Phase | Time Spent: -2.147484E+09
Trail No.:0 Ends
User starts reading map for 2 seconds.
Trail No.:29 Begins
715.2778: 0.008320412,0.06052801,1.349247,7.798876
715.7222: 0.005910588,0.05890932,1.353218,12.53493
716.1667: -0.05706951,0.05857014,1.337816,22.0409
716.6111: -0.002785312,-0.2098057,1.346932,61.26495
717.0556: -0.006643578,-0.4968471,1.35409,125.4825
717.5: 0.01345812,-0.6633602,1.350814,164.0001
717.9445: 0.01534521,-0.8370901,1.362151,181.8022
718.3889: -0.1366885,-1.042023,1.357365,192.3526
718.8334: -0.2406428,-1.311053,1.373998,193.9335
719.2778: -0.2450329,-1.6027,1.386343,185.3413
719.7222: -0.2985153,-1.83362,1.377766,173.8587
720.1667: -0.2986158,-2.023362,1.404909,153.3391
720.6111: -0.1400983,-1.997358,1.392299,139.6152
721.0556: 0.09010062,-1.937015,1.396965,126.6248
721.5: 0.2243857,-2.08497,1.390895,120.4734
Distance to Expected Destination: 2.576596
Trail Result: Fail at object: Level1EndingPoint | Time Spent: 7.031395
Trail No.:29 Ends
Trail No.:1 Begins
731.2667: 0.08736439,0.05055695,1.345277,1.217652
731.7111: 0.09334356,0.04137712,1.341439,6.206638
732.1556: 0.1033554,0.03490023,1.340249,12.77947
732.6: 0.09883606,0.05560151,1.334483,11.90865
733.0444: 0.1111289,0.06371108,1.32035,29.94995
733.4889: 0.1184117,0.07179797,1.318174,34.03086
733.9333: -0.0342792,0.01522271,1.330939,290.7176
734.3778: -0.04584715,-0.06429427,1.32518,259.9113
734.8223: 0.03130746,0.04196325,1.329436,352.0959
735.2667: 0.09843569,-0.04603048,1.338816,103.1422
735.7111: -0.005111246,-0.02745146,1.340603,132.2746
736.1556: -0.0267955,0.01576506,1.337364,127.3059
736.6: -0.08949056,0.1797713,1.327829,13.51988
737.0444: -0.1304719,0.184068,1.316798,356.091
737.4889: -0.04457357,0.1520219,1.325086,60.12419
737.9333: -0.02850087,0.1085893,1.330466,91.66416
738.3778: -0.03432911,0.1319803,1.330042,76.26414
738.8223: -0.02801432,0.1373507,1.331406,82.43769
739.2667: 0.01439148,0.0659571,1.339494,101.5585
739.7111: 0.05951348,-0.1564797,1.34233,120.7485
740.1556: 0.06836993,-0.2981812,1.342266,147.6343
740.6: 0.1326202,-0.3894699,1.337185,193.504
741.0444: 0.3726648,-0.4713247,1.351616,148.4914
741.4889: 0.4522987,-0.6565768,1.337277,144.3915
741.9333: 0.5359609,-0.9128774,1.366291,141.4328
742.3778: 0.7392915,-1.068073,1.355388,135.779
742.8223: 0.9121708,-1.224571,1.382,130.6339
743.2667: 1.033092,-1.442251,1.384376,118.9961
743.7111: 1.183185,-1.55387,1.386554,105.0231
744.1556: 1.360621,-1.479879,1.381663,96.17139
744.6: 1.473268,-1.412089,1.376456,74.11254
Distance to Expected Destination: 4.649466
Trail Result: Fail at object: Level1EndingPoint | Time Spent: 14.18408
Trail No.:1 Ends
User starts reading map for 2 seconds.
Trail No.:20 Begins
760.3445: -0.1276044,0.1420894,1.335914,2.491875
760.7889: -0.06058624,0.4219314,1.322176,1.646199
761.2333: -0.08016952,0.7189096,1.314437,353.3035
761.6778: -0.206144,1.040027,1.320561,352.0345
762.1223: -0.214027,1.305106,1.294715,346.623
762.5667: -0.2480722,1.480898,1.300776,342.0417
Distance to Expected Destination: 0.4009441
Trail Result: Fail at object: Level1EndingPoint | Time Spent: 3.063473
Trail No.:20 Ends
User starts reading map for 2 seconds.
Trail No.:12 Begins
778.3556: -0.005700428,0.1090905,1.346095,358.3958
778.8: -0.004786475,0.1078693,1.349323,358.66
779.2444: 0.0001191013,0.0925111,1.363204,0.09575848
779.6889: -0.009952068,0.09697798,1.359793,359.0389
780.1334: -0.01225741,0.1035343,1.357323,7.759788
780.5778: -0.02058471,0.1106534,1.354805,15.90252
781.0222: -0.0335732,0.1503183,1.34508,41.5718
781.4667: 0.02190652,-0.04190809,1.361822,77.24416
781.9111: 0.01359049,-0.3107104,1.357434,131.4316
782.3556: 0.05970742,-0.4287762,1.347278,160.9148
782.8: 0.2164921,-0.5971501,1.36058,165.6006
783.2444: 0.178174,-0.8447556,1.338887,182.6636
783.6889: 0.125701,-1.147192,1.37236,181.8669
784.1334: 0.2039812,-1.439235,1.375655,182.1801
784.5778: 0.2053759,-1.652358,1.377664,178.2722
785.0222: 0.09751573,-1.859903,1.38571,174.5068
Distance to Expected Destination: 0.5048864
Trail Result: Fail at object: Level1EndingPoint | Time Spent: 7.354687
Trail No.:12 Ends
User starts reading map for 2 seconds.
Trail No.:41 Begins
795.5778: 0.08095965,-0.007236834,1.340113,357.9465
796.0222: 0.08151866,-0.006393545,1.341318,359.235
796.4667: 0.08734155,-0.006883509,1.341345,358.4698
796.9111: 0.08574326,0.01207124,1.334505,333.7831
797.3556: -0.1104039,-0.1294824,1.336465,308.2149
797.8: -0.3482944,-0.3519314,1.351606,270.0869
798.2444: -0.5516241,-0.389829,1.344512,258.1632
798.6889: -0.7958236,-0.4762661,1.361511,251.6058
799.1334: -0.9817137,-0.7065047,1.370868,244.8749
799.5778: -1.202009,-0.8163492,1.363623,246.3389
800.0222: -1.49682,-0.8322861,1.369509,260.0128
800.4667: -1.699819,-0.8806003,1.361312,284.8112
800.9111: -1.84658,-0.9550258,1.375367,297.8931
Distance to Expected Destination: 3.606182
Trail Result: Fail at object: Level1EndingPoint | Time Spent: 5.931549
Trail No.:41 Ends
User starts reading map for 2 seconds.
Trail No.:46 Begins
811.9889: 0.03251183,-0.01134335,1.344605,15.35811
812.4333: 0.008792866,0.06462695,1.337467,37.31908
812.8778: 0.1764008,-0.04678585,1.345548,54.14591
813.3223: 0.3686341,-0.1960757,1.343002,90.97446
813.7667: 0.61482,-0.1592123,1.344346,100.3228
814.2111: 0.8506135,-0.2164834,1.344927,106.1304
814.6556: 1.069535,-0.4079423,1.346445,114.0327
815.1: 1.301491,-0.5003977,1.337667,116.4763
815.5445: 1.579601,-0.5171499,1.350033,110.2564
815.9889: 1.767688,-0.5359089,1.339794,96.20879
816.4333: 1.95564,-0.693217,1.344245,106.1678
816.8778: 2.019555,-0.7579331,1.344005,135.2726
Distance to Expected Destination: 0.58241
Trail Result: Fail at object: Level1EndingPoint | Time Spent: 5.397495
Trail No.:46 Ends
User starts reading map for 2 seconds.
Trail No.:15 Begins
839.2222: -0.02935593,0.09189208,1.351036,1.728482
839.6667: -0.06923255,0.1159497,1.353094,15.15002
840.1111: -0.1203236,0.1146508,1.35071,16.92723
840.5556: -0.14354,0.1295059,1.352536,17.9051
841: -0.06139557,0.1876408,1.340866,32.45624
841.4445: 0.2109213,0.1594882,1.339831,60.29431
841.8889: 0.4333642,0.1442688,1.333297,79.35645
842.3334: 0.6980158,0.2055454,1.333307,89.96492
842.7778: 0.9010878,0.1768391,1.330416,97.95615
843.2222: 1.126631,0.03936082,1.338161,112.4298
843.6667: 1.370416,-0.007391237,1.329383,133.4984
844.1111: 1.613688,0.004277913,1.343245,125.9775
844.5556: 1.716367,-0.1284436,1.331816,127.1612
845: 1.794695,-0.4080432,1.344217,122.5502
845.4445: 1.87279,-0.4684867,1.343089,109.569
845.8889: 1.957387,-0.4197804,1.345755,96.75301
Distance to Expected Destination: 4.293843
Trail Result: Fail at object: Level1EndingPoint | Time Spent: 7.253521
Trail No.:15 Ends
User starts reading map for 2 seconds.
Trail No.:13 Begins
858.8334: -0.01240596,0.3137007,1.324136,9.637379
859.2778: 0.1490999,0.524538,1.336454,14.46527
859.7222: 0.2812687,0.8172978,1.312721,30.53736
860.1667: 0.4609919,1.045586,1.311637,38.96101
860.6111: 0.7338313,1.248395,1.314449,44.0117
861.0556: 0.8922274,1.529142,1.292889,42.25434
861.5: 1.074053,1.742751,1.294499,41.39196
861.9445: 1.318903,1.848889,1.29671,36.28973
862.3889: 1.374229,1.912978,1.297261,37.82514
Distance to Expected Destination: 2.389151
Trail Result: Fail at object: Level1EndingPoint | Time Spent: 4.013695
Trail No.:13 Ends
User starts reading map for 2 seconds.
Trail No.:35 Begins
875.7667: 0.06022869,0.04885224,1.350512,3.028823
876.2111: 0.04197072,0.06872074,1.339492,69.68885
876.6556: -0.05750998,-0.1199541,1.364931,131.048
877.1: -0.1946212,-0.3358604,1.353264,161.5335
877.5445: -0.2099227,-0.516063,1.340448,188.7163
877.9889: -0.09940281,-0.7635149,1.351609,184.0595
878.4333: -0.1829406,-0.9892074,1.343481,191.6148
878.8778: -0.3071308,-1.286941,1.369828,194.7565
879.3223: -0.3302032,-1.622705,1.38,198.2368
879.7667: -0.4347851,-1.828084,1.38053,195.2871
880.2111: -0.6053256,-1.960299,1.390444,200.1587
880.6556: -0.6238602,-2.028952,1.39815,202.8491
Distance to Expected Destination: 0.7878144
Trail Result: Fail at object: Level1EndingPoint | Time Spent: 5.420982
Trail No.:35 Ends
User starts reading map for 2 seconds.
Trail No.:5 Begins
893.4556: -0.05560689,0.1276491,1.349143,8.291249
893.9: -0.06559791,0.1864878,1.336597,36.56431
894.3445: 0.08341897,-0.0221248,1.352587,81.98971
894.7889: 0.1877118,-0.2681191,1.340077,130.5117
895.2333: 0.374131,-0.3934342,1.3275,142.0232
895.6778: 0.5287014,-0.5857323,1.34726,153.9707
896.1223: 0.5462325,-0.9069394,1.354877,164.6765
896.5667: 0.633153,-1.185482,1.355325,160.2956
897.0111: 0.803055,-1.447096,1.375839,157.7056
897.4556: 0.8731171,-1.68764,1.355179,147.6453
897.9: 0.923238,-1.984145,1.385774,150.2993
Distance to Expected Destination: 2.420981
Trail Result: Fail at object: Level1EndingPoint | Time Spent: 5.242558
Trail No.:5 Ends
User starts reading map for 2 seconds.
Trail No.:39 Begins
910.0889: 0.005500142,0.07964537,1.352109,12.54525
910.5333: 0.0061666,0.08203943,1.35178,12.71449
910.9778: 0.005644696,0.08129026,1.351878,12.62584
911.4222: 0.002376495,0.08408478,1.350859,6.522951
911.8667: -0.1183051,0.1328238,1.310535,313.4528
912.3112: -0.416238,0.1604466,1.33228,292.2512
912.7556: -0.7028624,0.3558621,1.327483,289.8334
913.2: -1.045658,0.4077448,1.316091,279.2732
913.6445: -1.397913,0.4287586,1.341057,282.6384
914.0889: -1.72069,0.541137,1.331901,281.9028
914.5333: -1.955045,0.5211864,1.330142,288.7217
Distance to Expected Destination: 2.487392
Trail Result: Fail at object: Level1EndingPoint | Time Spent: 5.309353
Trail No.:39 Ends
User starts reading map for 2 seconds.
Trail No.:37 Begins
926.0334: 0.00026948,0.3002715,1.32355,1.437538
926.4778: 0.06084461,0.5913937,1.338245,3.167615
926.9222: 0.04012426,0.8982252,1.314888,5.04386
927.3667: 0.06779587,1.192672,1.316347,6.064359
927.8112: 0.1665694,1.492284,1.31419,1.897933
928.2556: 0.1709361,1.742631,1.296767,357.4662
928.7: 0.08435962,2.082135,1.285797,3.100891
929.1445: 0.08617736,2.255148,1.284461,356.9992
929.5889: 0.1807798,2.346752,1.286057,358.7352
Distance to Expected Destination: 2.656243
Trail Result: Fail at object: Level1EndingPoint | Time Spent: 4.278038
Trail No.:37 Ends
User starts reading map for 2 seconds.
Trail No.:33 Begins
942.5445: 0.08188953,-0.01270794,1.360659,1.620017
942.9889: 0.07827666,-0.00949084,1.35969,1.483872
943.4333: 0.0801081,-0.005742213,1.359366,1.553449
943.8778: 0.05598048,0.02553536,1.355731,359.6836
944.3223: 0.05038833,0.1283251,1.346662,17.33078
944.7667: 0.3173611,0.2415342,1.327677,40.76671
945.2111: 0.5649377,0.4087049,1.318398,42.33309
945.6556: 0.8165405,0.6533123,1.331179,47.07785
946.1: 1.142005,0.821201,1.316819,46.75795
946.5445: 1.358022,1.018088,1.303426,40.46715
946.9889: 1.512772,1.223782,1.316664,40.30095
947.4333: 1.676275,1.300848,1.310086,33.77694
Distance to Expected Destination: 2.47715
Trail Result: Fail at object: Level1EndingPoint | Time Spent: 5.46347
Trail No.:33 Ends
Trail No.:2 Begins
Distance to Expected Destination: 1.609703
Trail Result: Fail at object: Level1EndingPoint | Time Spent: 0.03699112
Trail No.:2 Ends
User starts reading map for 2 seconds.
Trail No.:48 Begins
962.8: 0.03358283,0.1204624,1.353578,3.227178
963.2444: 0.04505962,0.1047224,1.340684,68.86366
963.6889: 0.003652235,-0.1906967,1.358001,139.7222
964.1334: -0.0693745,-0.4681205,1.355053,172.4129
964.5778: 0.04883508,-0.7247096,1.361106,179.5754
965.0222: 0.08205955,-1.001689,1.355174,179.4801
965.4667: 0.05500576,-1.311629,1.380098,177.2214
965.9111: 0.1679026,-1.495322,1.379171,183.0397
Distance to Expected Destination: 1.977723
Trail Result: Fail at object: Level1EndingPoint | Time Spent: 3.57613
Trail No.:48 Ends
User starts reading map for 2 seconds.
Trail No.:30 Begins
975.5667: 0.3393027,-0.2688831,1.34707,108.0458
976.0111: 0.6101601,-0.3225827,1.354358,109.7341
976.4556: 0.8670502,-0.4794732,1.337289,102.9565
976.9: 1.056666,-0.6454007,1.36509,95.62879
Distance to Expected Destination: 0.5248961
Trail Result: Fail at object: Level1EndingPoint | Time Spent: 2.010715
Trail No.:30 Ends
User starts reading map for 2 seconds.
Trail No.:14 Begins
986.9778: 0.006496872,0.03454637,1.350257,353.6628
987.4222: 0.01140406,0.04215474,1.348347,353.7771
987.8667: 0.01530674,0.04679366,1.347639,353.5714
988.3112: 0.02341148,0.0591451,1.344529,349.9309
988.7556: -0.1209974,0.1037195,1.321586,327.78
989.2: -0.4865138,0.1717248,1.338316,319.7967
989.6445: -0.6761488,0.328981,1.315718,322.6573
990.0889: -0.8310912,0.5588254,1.336144,334.1619
990.5334: -1.068705,0.7649209,1.297369,350.7548
990.9778: -1.271583,0.9405154,1.317831,344.5304
Distance to Expected Destination: 0.91314
Trail Result: Fail at object: Level1EndingPoint | Time Spent: 4.820873
Trail No.:14 Ends
User starts reading map for 2 seconds.
Trail No.:34 Begins
1001.9: 0.1036341,-0.01481155,1.350353,356.7257
1002.344: 0.04541228,-0.04157964,1.33921,308.2046
1002.789: -0.07645575,-0.3560189,1.350746,260.1677
1003.233: -0.1250105,-0.5867404,1.346622,205.093
1003.678: -0.2721235,-0.7677588,1.34707,200.8963
1004.122: -0.3550444,-1.051293,1.357323,200.2318
1004.567: -0.3556891,-1.31339,1.378906,205.1103
1005.011: -0.5312835,-1.510018,1.362031,214.3621
1005.456: -0.7493623,-1.68952,1.388156,228.4474
Distance to Expected Destination: 2.612941
Trail Result: Fail at object: Level1EndingPoint | Time Spent: 4.310734
Trail No.:34 Ends
User starts reading map for 2 seconds.
Trail No.:25 Begins
1015.478: 0.7628151,0.6486635,1.33204,58.00741
1015.922: 0.9613347,0.724902,1.323683,59.03491
1016.367: 1.23121,0.7091097,1.324912,70.84173
1016.811: 1.455679,0.7891222,1.301834,79.01143
1017.256: 1.659028,0.8844627,1.314491,80.18626
1017.7: 1.721614,0.9040514,1.311571,74.39198
Distance to Expected Destination: 1.99765
Trail Result: Fail at object: Level1EndingPoint | Time Spent: 2.716339
Trail No.:25 Ends
User starts reading map for 2 seconds.
Trail No.:45 Begins
1030.4: 0.03708959,0.03250648,1.340088,16.45882
1030.844: 0.03457147,0.03189683,1.35101,13.2912
1031.289: 0.03452633,0.02486538,1.354928,12.09283
1031.733: 0.03676412,0.02547218,1.353334,12.96258
1032.178: 0.02186897,0.04211394,1.350975,12.81252
1032.622: -8.248724E-06,0.05729969,1.350915,13.41322
1033.067: -0.04957174,0.0921448,1.355044,17.33895
1033.511: -0.02474239,0.1587559,1.346784,30.40163
1033.956: 0.2238975,0.1301347,1.348834,56.52602
1034.4: 0.4458141,0.1378843,1.336576,71.31715
1034.844: 0.726059,0.2078854,1.342304,87.89074
1035.289: 0.9973369,0.1123165,1.317713,98.48358
1035.733: 1.284957,-0.01795444,1.342901,101.1559
1036.178: 1.605283,-0.04910587,1.334003,103.8783
1036.622: 1.81022,-0.1112927,1.336231,93.98177
Distance to Expected Destination: 4.740683
Trail Result: Fail at object: Level1EndingPoint | Time Spent: 7.007195
Trail No.:45 Ends
User starts reading map for 2 seconds.
Trail No.:42 Begins
1047.522: -0.2544392,-0.5364462,1.352059,230.361
1047.967: -0.380552,-0.6791544,1.345763,215.0048
1048.411: -0.5843527,-0.8421212,1.367801,206.2404
1048.856: -0.6476962,-1.04462,1.36148,200.4595
1049.3: -0.676553,-1.34926,1.379706,192.3678
1049.745: -0.8095678,-1.632832,1.370642,186.0935
1050.189: -0.8498353,-1.85699,1.384709,184.005
1050.633: -0.7510841,-2.028227,1.391591,191.9858
1051.078: -0.7117859,-2.128398,1.392558,192.8812
Distance to Expected Destination: 2.597832
Trail Result: Fail at object: Level1EndingPoint | Time Spent: 4.109955
Trail No.:42 Ends
User starts reading map for 2 seconds.
Trail No.:21 Begins
1063.433: -0.0360518,0.1383774,1.350585,13.18448
1063.878: 0.06463398,0.1716081,1.337471,56.39815
1064.322: 0.3254974,0.1350937,1.335129,68.21547
1064.767: 0.6027845,0.147118,1.324384,79.24492
1065.211: 0.9016396,0.20988,1.334633,86.36782
1065.656: 1.179514,0.1424372,1.323934,83.96992
1066.1: 1.46707,0.08809217,1.337403,83.75111
1066.544: 1.749196,0.1349332,1.334208,84.75292
1066.989: 1.92752,0.1021674,1.334463,74.38914
1067.433: 2.066541,-0.005513828,1.332155,74.30519
Distance to Expected Destination: 1.966655
Trail Result: Fail at object: Level1EndingPoint | Time Spent: 4.709972
Trail No.:21 Ends
User starts reading map for 2 seconds.
Trail No.:28 Begins
1079.533: -0.2067268,-0.09393116,1.345903,328.5016
1079.978: -0.4557489,-0.1751194,1.351575,300.6238
1080.422: -0.6670028,-0.1072312,1.328926,288.0329
1080.867: -0.9192246,-0.02791035,1.348055,282.5574
1081.311: -1.195373,-0.09224181,1.348443,284.2041
1081.756: -1.404695,-0.1082658,1.347977,284.4816
1082.2: -1.525012,0.02692839,1.343521,303.0725
1082.645: -1.572947,0.08860532,1.339418,338.6166
1083.089: -1.671462,0.09132175,1.344572,346.8612
1083.533: -1.632727,0.2138023,1.331644,354.3402
1083.978: -1.495288,0.2764558,1.301874,64.57348
Distance to Expected Destination: 0.4568498
Trail Result: Fail at object: Level1EndingPoint | Time Spent: 5.254208
Trail No.:28 Ends
User starts reading map for 2 seconds.
Trail No.:19 Begins
1099.178: 0.03865665,0.09488124,1.353916,0.3481596
1099.622: 0.04571053,0.09860977,1.353901,359.5302
1100.067: 0.04821109,0.1029439,1.353193,0.0765387
1100.511: 0.03809448,0.1193405,1.356941,3.908686
1100.956: -0.00277128,0.1846719,1.345243,15.33195
1101.4: 0.1041006,0.1604285,1.345637,29.69113
1101.844: 0.3395512,0.02085974,1.345039,56.27149
1102.289: 0.5100281,0.01886861,1.337527,77.17582
1102.733: 0.7370814,0.0532273,1.345502,90.46586
1103.178: 0.9139539,-0.0456096,1.33393,96.82793
1103.622: 1.118779,-0.2192875,1.349298,100.5144
1104.067: 1.312982,-0.2945348,1.337185,102.3404
1104.511: 1.499168,-0.3199006,1.352105,100.3048
1104.956: 1.618038,-0.3850728,1.348425,83.91943
1105.4: 1.732415,-0.5543759,1.350567,88.24943
1105.844: 1.788746,-0.5994942,1.348341,97.56892
Distance to Expected Destination: 2.602082
Trail Result: Fail at object: Level1EndingPoint | Time Spent: 7.241711
Trail No.:19 Ends
User starts reading map for 2 seconds.
Trail No.:24 Begins
1121.8: 0.01918834,0.06792916,1.360764,15.86095
1122.245: 0.08572622,-0.04886957,1.351124,76.53304
1122.689: 0.1446811,-0.3782964,1.352582,114.8175
1123.133: 0.2198884,-0.5835264,1.342545,148.9658
1123.578: 0.3892394,-0.7920202,1.362931,151.8243
1124.022: 0.4257643,-1.123749,1.358491,143.4296
1124.467: 0.4550576,-1.253553,1.37323,142.3113
Distance to Expected Destination: 1.866002
Trail Result: Fail at object: Level1EndingPoint | Time Spent: 3.409279
Trail No.:24 Ends
User starts reading map for 2 seconds.
Trail No.:10 Begins
1134.044: 0.06534377,0.04436437,1.346032,357.4307
1134.489: 0.0997549,0.04029062,1.341654,353.5509
1134.933: 0.1172597,0.0413016,1.338146,351.567
1135.378: 0.1253593,0.04456018,1.342363,350.8226
1135.822: 0.06270626,0.03636335,1.338043,333.1763
1136.267: -0.1981155,-0.1929059,1.337322,299.1866
1136.711: -0.4078827,-0.3515815,1.351253,267.0938
1137.156: -0.6752276,-0.3774377,1.344689,263.7513
1137.6: -0.9008566,-0.4494348,1.346789,267.7414
1138.044: -1.188876,-0.644937,1.340646,283.5783
1138.489: -1.380117,-0.7640824,1.357197,275.3985
1138.933: -1.403889,-0.7799528,1.360771,275.4364
Distance to Expected Destination: 0.429217
Trail Result: Fail at object: Level1EndingPoint | Time Spent: 5.564445
Trail No.:10 Ends
User starts reading map for 2 seconds.
Trail No.:27 Begins
1149.178: 0.08078873,0.04491685,1.338867,41.92154
1149.622: 0.2893084,-0.1559096,1.346533,76.03831
1150.067: 0.4538224,-0.2603044,1.34455,97.37507
1150.511: 0.6726487,-0.3539016,1.352293,116.0208
1150.956: 0.8024556,-0.6001824,1.331292,135.3082
1151.4: 0.9282898,-0.8730615,1.360092,131.4306
1151.844: 1.149187,-1.043179,1.356294,127.7575
1152.289: 1.275176,-1.211652,1.363994,115.7569
1152.733: 1.288355,-1.39965,1.365923,107.5209
Distance to Expected Destination: 2.312154
Trail Result: Fail at object: Level1EndingPoint | Time Spent: 4.254925
Trail No.:27 Ends
User starts reading map for 2 seconds.
Trail No.:22 Begins
1164.356: -0.02804521,0.09408227,1.34405,344.8754
1164.8: -0.1097839,0.06200878,1.328523,289.7312
1165.245: -0.3655373,-0.1031016,1.335945,270.1441
1165.689: -0.6403828,-0.1912752,1.343328,257.8726
1166.133: -0.9401809,-0.2067878,1.35343,254.6375
1166.578: -1.178102,-0.3478749,1.327403,253.8417
1167.022: -1.440413,-0.5712843,1.359976,257.1181
Distance to Expected Destination: 0.2825905
1167.467: -1.521335,-0.6094911,1.360682,251.6876
Trail Result: Success object: Level1EndingPoint | Time Spent: 3.564617
Trail No.:22 Ends
User starts reading map for 2 seconds.
Trail No.:8 Begins
1177.278: 0.05007569,0.05454616,1.342917,359.1503
1177.722: 0.03672551,0.1246734,1.326263,13.74923
1178.167: 0.2448383,0.2850294,1.291703,23.74242
1178.611: 0.5267637,0.4644889,1.322941,27.0468
1179.056: 0.6963312,0.7056791,1.289518,33.29699
1179.5: 0.8736644,0.9347123,1.303934,19.12862
1179.944: 1.162566,1.239585,1.30316,5.464448
1180.389: 1.228554,1.341156,1.305818,354.5812
Distance to Expected Destination: 0.3252208
Trail Result: Success object: Level1EndingPoint | Time Spent: 3.676643
Trail No.:8 Ends
User starts reading map for 2 seconds.
Trail No.:3 Begins
1191.422: 0.001253734,0.02144574,1.361389,324.6878
1191.867: -0.2070616,-0.101751,1.345461,311.9327
1192.311: -0.4567387,-0.2647223,1.35172,276.2901
1192.756: -0.6894222,-0.3316782,1.342021,263.8421
1193.2: -0.9149126,-0.5150478,1.358692,253.0371
1193.645: -1.053076,-0.8041556,1.372411,254.9161
1194.089: -1.235982,-0.9329605,1.358487,259.3999
1194.533: -1.422119,-0.9998533,1.364676,273.2533
1194.978: -1.60626,-1.206822,1.375354,294.3665
Distance to Expected Destination: 2.706646
Trail Result: Fail at object: Level1EndingPoint | Time Spent: 4.232426
Trail No.:3 Ends
User starts reading map for 2 seconds.
Trail No.:31 Begins
1204.844: 0.05716565,0.05858869,1.347095,7.600665
1205.289: 0.05056462,0.1327302,1.337494,35.28989
1205.733: 0.1739847,0.2902877,1.305196,52.80623
1206.178: 0.4125113,0.532325,1.326966,57.45602
1206.622: 0.5874825,0.8898624,1.308554,60.87913
1207.067: 0.8470993,1.158401,1.283367,69.02634
1207.511: 1.14139,1.35932,1.298857,79.0252
1207.956: 1.397936,1.597115,1.277413,99.78028
1208.4: 1.565995,1.744632,1.29239,102.8994
1208.844: 1.616257,1.75835,1.291049,101.7986
Distance to Expected Destination: 2.921764
Trail Result: Fail at object: Level1EndingPoint | Time Spent: 4.709431
Trail No.:31 Ends
User starts reading map for 2 seconds.
Trail No.:32 Begins
1222.389: -0.0772831,0.1735173,1.337057,15.47559
1222.833: 0.07037999,0.2967711,1.314903,45.36378
1223.278: 0.3108219,0.4957854,1.326571,52.04895
1223.722: 0.5154341,0.8483051,1.307788,52.74568
1224.167: 0.806987,1.08769,1.284155,54.8535
1224.611: 1.131625,1.280198,1.306067,54.63297
1225.056: 1.322358,1.521077,1.276913,65.41142
1225.5: 1.445997,1.679586,1.293632,65.63407
Distance to Expected Destination: 2.546504
Trail Result: Fail at object: Level1EndingPoint | Time Spent: 3.76585
Trail No.:32 Ends
User starts reading map for 2 seconds.
Trail No.:43 Begins
1236.156: -0.002624784,-0.01826426,1.349055,0.4713064
1236.6: -0.001685042,-0.01780963,1.348887,0.233878
1237.044: 0.01054032,0.003113965,1.34814,11.13068
1237.489: 0.04706183,0.03307371,1.334669,68.90796
1237.933: 0.2847277,-0.1007828,1.331096,104.684
1238.378: 0.5662712,-0.1165905,1.31646,114.0261
1238.822: 0.9154522,-0.1176586,1.347275,122.0797
1239.267: 1.190923,-0.3152828,1.339372,129.5105
1239.711: 1.474594,-0.4852845,1.333647,136.2004
1240.156: 1.761318,-0.6450267,1.356011,141.6269
1240.6: 1.941665,-0.8560048,1.338996,138.5438
1241.044: 2.088695,-1.018927,1.355623,132.4111
1241.489: 2.204426,-1.069626,1.356287,139.8145
Distance to Expected Destination: 2.82447
1241.933: 2.287148,-1.095971,1.345644,145.5426
Trail Result: Fail at object: Level1EndingPoint | Time Spent: 6.220554
Trail No.:43 Ends
User starts reading map for 2 seconds.
Trail No.:9 Begins
1252.089: -0.0006022621,0.02993778,1.362945,350.2336
1252.533: -0.07716778,0.1213493,1.339497,342.2566
1252.978: -0.2002423,0.2365116,1.333817,337.5428
1253.422: -0.205129,0.5618217,1.322225,329.9507
1253.867: -0.3255968,0.8576504,1.293332,320.5512
1254.311: -0.507031,1.156307,1.315075,331.4315
1254.756: -0.62504,1.515719,1.296895,333.0189
1255.2: -0.8074021,1.79732,1.26859,331.2535
1255.645: -1.006088,2.069776,1.276202,336.0555
1256.089: -1.112202,2.394892,1.242842,332.5835
1256.533: -1.184001,2.613202,1.255395,330.0427
1256.978: -1.216239,2.640532,1.251487,331.6481
Distance to Expected Destination: 3.798786
Trail Result: Fail at object: Level1EndingPoint | Time Spent: 5.420311
Trail No.:9 Ends
User starts reading map for 2 seconds.
Trail No.:38 Begins
1271.5: 0.1956412,-0.06029909,1.345609,62.24743
1271.944: 0.3726097,-0.2892084,1.330626,105.6538
1272.389: 0.5407987,-0.4148888,1.316604,126.5713
1272.833: 0.758228,-0.5918799,1.341017,130.9643
1273.278: 0.8730429,-0.9198928,1.344524,131.0582
1273.722: 1.070026,-1.132264,1.337196,115.7407
1274.167: 1.275591,-1.25426,1.353915,105.0644
1274.611: 1.38067,-1.393698,1.363738,79.21859
1275.056: 1.420402,-1.492719,1.365248,71.33528
Distance to Expected Destination: 3.278257
Trail Result: Fail at object: Level1EndingPoint | Time Spent: 4.031715
Trail No.:38 Ends
User starts reading map for 2 seconds.
Trail No.:6 Begins
1284.656: 0.01392855,0.09722278,1.345728,355.565
1285.1: -0.033507,0.08286346,1.310766,303.952
1285.544: -0.08949937,-0.1465738,1.3249,257.5046
1285.989: -0.129613,-0.5235112,1.340976,237.16
1286.433: -0.2545905,-0.7173051,1.327933,219.6885
1286.878: -0.5048663,-0.8631953,1.355286,225.9691
1287.322: -0.6195289,-0.8905299,1.335563,258.858
1287.767: -0.7110006,-1.138105,1.323634,297.7122
1288.211: -0.71055,-1.301449,1.362538,325.7007
Distance to Expected Destination: 0.3526886
1288.656: -0.6972541,-1.337708,1.368093,331.0445
Trail Result: Success object: Level1EndingPoint | Time Spent: 4.442741
Trail No.:6 Ends
User starts reading map for 2 seconds.
Trail No.:18 Begins
1297.211: 0.02682396,0.1326738,1.351271,21.44795
1297.656: 0.1111198,0.1932349,1.324116,42.93944
1298.1: 0.4038079,0.1845852,1.328709,51.43806
1298.544: 0.6512807,0.2538884,1.317856,54.03618
1298.989: 0.9416271,0.4377628,1.324074,56.6594
1299.433: 1.211552,0.5378857,1.301918,47.01506
1299.878: 1.475218,0.6521509,1.317974,39.38181
1300.322: 1.627363,0.8427181,1.309572,36.61798
1300.767: 1.768833,0.9642261,1.298913,24.75231
1301.211: 1.936529,1.011769,1.281295,13.75591
Distance to Expected Destination: 3.059103
Trail Result: Fail at object: Level1EndingPoint | Time Spent: 4.742271
Trail No.:18 Ends
User starts reading map for 2 seconds.
Trail No.:4 Begins
1312.889: 0.6373718,-0.05132807,1.332053,54.87386
1313.333: 0.8218474,-0.04312965,1.338487,36.83374
1313.778: 1.087356,-0.1384591,1.348011,2.638441
Distance to Expected Destination: 0.3666999
Trail Result: Success object: Level1EndingPoint | Time Spent: 1.711105
Trail No.:4 Ends
User starts reading map for 2 seconds.
Trail No.:26 Begins
1322.956: 0.7982751,0.4649735,1.337343,43.28905
1323.4: 1.043252,0.5712173,1.329585,25.17006
1323.844: 1.197589,0.6330987,1.337226,18.0278
Distance to Expected Destination: 0.74898
Trail Result: Fail at object: Level1EndingPoint | Time Spent: 1.367054
Trail No.:26 Ends
User starts reading map for 2 seconds.
Trail No.:36 Begins
1333.211: -0.2378646,-0.4289908,1.346065,255.4293
1333.656: -0.3267229,-0.6678144,1.345133,227.1193
1334.1: -0.5666817,-0.8857695,1.355629,223.6382
1334.544: -0.7298607,-1.076669,1.34251,239.6259
1334.989: -0.947499,-1.389807,1.369562,280.1341
Distance to Expected Destination: 0.7554694
Trail Result: Fail at object: Level1EndingPoint | Time Spent: 2.628086
Trail No.:36 Ends
User starts reading map for 2 seconds.
Trail No.:16 Begins
1348.822: 0.1177899,0.02596633,1.361394,51.76124
1349.267: 0.2861356,-0.2671867,1.346319,92.30231
1349.711: 0.4155683,-0.391502,1.340293,118.9193
1350.156: 0.6567495,-0.4948631,1.359971,130.1648
1350.6: 0.7815745,-0.7358553,1.344024,136.8543
1351.044: 0.9040792,-0.9921541,1.370829,133.4981
1351.489: 1.126503,-1.164348,1.374822,131.1666
1351.933: 1.220808,-1.342956,1.370899,127.974
Distance to Expected Destination: 3.21001
Trail Result: Fail at object: Level1EndingPoint | Time Spent: 3.765202
Trail No.:16 Ends
User starts reading map for 2 seconds.
Trail No.:11 Begins
1361.778: -0.1232138,0.1819252,1.363711,3.50189
1362.222: -0.137892,0.1944391,1.361448,0.5729854
1362.667: -0.1437842,0.2206624,1.363437,357.573
1363.111: 0.08369786,0.2449527,1.340869,24.83931
1363.556: 0.4605355,0.1965473,1.336349,55.12055
1364: 0.6899635,0.2566071,1.313216,68.68657
1364.444: 0.9539201,0.3235509,1.333412,79.17944
1364.889: 1.167449,0.2793814,1.338137,74.4331
1365.333: 1.242682,0.2291798,1.345239,75.94181
1365.778: 1.012796,0.1361764,1.333279,153.9556
1366.222: 0.6978627,-0.05340797,1.33133,180.0407
1366.667: 0.4790876,-0.2842486,1.318642,200.9631
1367.111: 0.4428796,-0.6150349,1.351877,198.6194
1367.556: 0.2932631,-0.9113961,1.337334,201.8611
1368: 0.1606477,-1.206654,1.368693,197.3534
1368.444: 0.1356437,-1.532952,1.372858,202.2123
Distance to Expected Destination: 1.395391
Trail Result: Fail at object: Level1EndingPoint | Time Spent: 7.473949
Trail No.:11 Ends
User starts reading map for 2 seconds.
Trail No.:7 Begins
1377.522: 0.07549793,0.06469521,1.36082,355.203
1377.967: 0.09867883,0.0732995,1.356515,354.5879
1378.411: 0.0653158,0.1525788,1.337062,342.9185
1378.856: -0.1918173,0.3304594,1.339804,326.8194
1379.3: -0.3747363,0.5426304,1.314611,319.1422
1379.745: -0.592784,0.8352877,1.326057,314.3033
1380.189: -0.9005357,1.033106,1.315118,316.747
1380.633: -1.059254,1.277405,1.297305,321.4003
1381.078: -1.158563,1.562994,1.309241,317.7062
1381.522: -1.253143,1.629268,1.306931,322.0445
Distance to Expected Destination: 2.582112
Trail Result: Fail at object: Level1EndingPoint | Time Spent: 4.509666
Trail No.:7 Ends
User starts reading map for 2 seconds.
Trail No.:47 Begins
1399.056: 0.0480663,0.1435198,1.354738,358.3472
1399.5: 0.04257449,0.1486991,1.354643,357.7331
1399.944: 0.04009264,0.1477008,1.354145,358.4838
1400.389: 0.03965478,0.1477324,1.353794,358.3128
1400.833: 0.03318186,0.1507843,1.353312,358.9263
1401.278: 0.003083668,0.1700467,1.351658,358.9398
1401.722: -0.05480373,0.1941317,1.347172,359.8063
1402.167: -0.0862981,0.2047064,1.344785,1.137635
1402.611: -0.08342563,0.2017418,1.345449,12.87531
1403.056: -0.05437746,0.2152557,1.337625,30.84591
1403.5: 0.04465903,-0.05207798,1.352774,77.108
1403.944: 0.02702973,-0.4083419,1.340605,140.1759
1404.389: 0.1208946,-0.6190336,1.327049,168.3106
1404.833: 0.2156764,-0.8680949,1.350053,173.6655
1405.278: 0.1587714,-1.173925,1.362053,176.5474
1405.722: 0.1992052,-1.46833,1.35483,171.1788
1406.167: 0.262938,-1.752281,1.383482,171.454
1406.611: 0.2221049,-1.997977,1.383951,160.9357
Distance to Expected Destination: 2.461931
Trail Result: Fail at object: Level1EndingPoint | Time Spent: 8.229958
Trail No.:47 Ends
User starts reading map for 2 seconds.
Trail No.:23 Begins
1416.289: 0.1173839,0.04075351,1.355961,3.943403
1416.733: 0.09754303,0.06132817,1.352312,52.30301
1417.178: 0.08367762,-0.1100111,1.360159,110.4144
1417.622: 0.03080461,-0.4230658,1.361644,155.31
1418.067: 0.1648245,-0.6304997,1.356152,173.1124
1418.511: 0.2216082,-0.8628654,1.355588,181.6669
1418.956: 0.1351863,-1.169973,1.369247,182.223
1419.4: 0.1601253,-1.496875,1.351507,183.9111
1419.844: 0.164793,-1.794693,1.384162,183.252
1420.289: 0.04563167,-2.038335,1.390187,173.2871
Distance to Expected Destination: 0.8872256
Trail Result: Fail at object: Level1EndingPoint | Time Spent: 4.831081
Trail No.:23 Ends
User starts reading map for 2 seconds.
Trail No.:40 Begins
1429.367: 0.03600499,0.09634157,1.347303,1.78364
1429.811: 0.06076158,0.09741731,1.348055,7.192404
1430.256: 0.05781785,0.1287958,1.340459,39.36774
1430.7: 0.1516536,-0.07114995,1.344132,85.35119
1431.145: 0.2488811,-0.4136407,1.340703,129.0704
1431.589: 0.4349826,-0.5798317,1.326729,137.3754
1432.033: 0.5900031,-0.8338375,1.35247,144.174
1432.478: 0.6483078,-1.158276,1.368991,142.2623
1432.922: 0.7895048,-1.376923,1.358502,135.913
1433.367: 0.9373668,-1.553875,1.376144,133.7071
1433.811: 0.9976269,-1.748086,1.377197,114.7624
Distance to Expected Destination: 2.407841
Trail Result: Fail at object: Level1EndingPoint | Time Spent: 4.97617
Trail No.:40 Ends
User starts reading map for 2 seconds.
Trail No.:44 Begins
1443.211: -0.02807708,0.1194751,1.347694,358.7442
1443.656: -0.07013139,0.258639,1.338002,1.241802
1444.1: 0.03887733,0.5490373,1.328157,8.616992
1444.544: 0.07875219,0.8900795,1.28342,2.864835
1444.989: 0.1415591,1.17897,1.308976,17.2434
1445.433: 0.3087639,1.385902,1.304088,23.66355
1445.878: 0.3917908,1.498083,1.303055,44.96133
Distance to Expected Destination: 0.3474607
Trail Result: Success object: Level1EndingPoint | Time Spent: 3.187687
Trail No.:44 Ends
User starts reading map for 2 seconds.
Trail No.:17 Begins
1458.289: 0.03422113,0.1226919,1.332718,12.54871
1458.733: 0.1349939,0.07119887,1.334697,57.41235
1459.178: 0.3641663,-0.2697988,1.334823,105.0501
1459.622: 0.5715215,-0.4306847,1.311335,124.5253
1460.067: 0.8200111,-0.6205001,1.345342,134.2642
1460.511: 0.9819225,-0.933522,1.350096,136.0813
1460.956: 1.175469,-1.143438,1.344187,134.4068
1461.4: 1.417605,-1.325046,1.362861,133.6858
1461.844: 1.586094,-1.554605,1.362062,118.2251
Distance to Expected Destination: 3.276188
Trail Result: Fail at object: Level1EndingPoint | Time Spent: 4.353851
Trail No.:17 Ends
