Participant Name: Mary
Participant Gender: F
Participant ID: 0921
Test Date: 0921
Navi Mode: full
Trail No.:-1 Begins
25.9: -0.01779794,-0.2474153,1.593086,359.5468
26.34444: -0.03813401,-0.2657662,1.59678,340.1039
26.78889: -0.0149668,-0.2802769,1.596272,355.8969
27.23333: -4.364178E-05,-0.2899821,1.595229,5.129692
27.67778: 0.002574671,-0.2976643,1.595646,359.2473
28.12222: 0.004554943,-0.2931638,1.59392,354.4756
28.56667: 0.02237021,-0.2884437,1.593627,358.1904
29.01111: 0.02712635,-0.2903798,1.592606,4.024971
29.45556: 0.01790969,-0.2912761,1.593166,1.435988
29.9: 0.01512781,-0.282119,1.592659,359.434
30.34444: 0.01163901,-0.2681316,1.592505,355.9578
30.78889: 0.01769154,-0.2470679,1.590736,357.029
31.23333: 0.0383161,-0.2118284,1.581012,356.875
31.67778: 0.0172743,-0.1255503,1.566949,352.2016
32.12222: -0.08246464,0.07725336,1.575018,351.0284
32.56667: -0.08808354,0.2661913,1.566113,350.4975
33.01111: -0.03668936,0.4545605,1.563051,345.8313
33.45555: -0.05893483,0.5858697,1.5592,340.4812
33.9: -0.2046638,0.8035547,1.572701,339.2523
Tutorial Bubble: Sphere (2) Clicked
34.34444: -0.2293542,0.9329107,1.58556,340.6665
34.78889: -0.1222826,0.9714916,1.585966,5.464105
Tutorial Bubble: Sphere Clicked
35.23333: -0.002632057,0.9688165,1.585425,19.30176
35.67778: 0.05109736,0.9408109,1.58729,34.64188
Tutorial Bubble: Sphere (1) Clicked
36.12222: 0.1090473,0.9693455,1.59298,33.59956
36.56667: 0.05590763,0.9594409,1.572956,15.39212
37.01111: -0.05149221,0.8357882,1.571482,9.257757
37.45555: -0.03855865,0.7606151,1.576042,0.04468425
37.9: -0.01812813,0.7497061,1.572255,358.0127
38.34444: -0.02947573,0.7438939,1.592043,0.009247767
38.78889: -0.05047984,0.7308261,1.599214,1.641788
39.23333: -0.05642975,0.7138497,1.593142,2.916065
39.67778: -0.06254312,0.7054206,1.592096,4.054097
40.12222: -0.1221986,0.7320721,1.568402,304.9616
40.56667: -0.1981607,0.6955912,1.555003,256.2513
41.01111: -0.2142355,0.7796512,1.577353,240.5946
41.45555: -0.219625,0.7687306,1.547202,229.6143
41.9: -0.2058905,0.7699071,1.538546,204.0953
42.34444: -0.1941427,0.8640878,1.566784,171.9039
42.78889: -0.1157142,0.9585475,1.598309,150.6111
43.23333: -0.1233242,1.049787,1.591974,136.8149
43.67778: -0.2349492,1.085291,1.595894,159.875
44.12222: -0.2466985,1.095221,1.599564,171.0546
44.56667: -0.1961481,1.108968,1.599869,163.2359
45.01111: -0.1699451,1.128158,1.600057,148.3154
45.45555: -0.1813186,1.145597,1.59943,151.8174
45.9: -0.1901094,1.137171,1.598927,164.4739
46.34444: -0.1903449,1.135311,1.596913,172.4992
46.78889: -0.1684023,1.137392,1.597059,157.2844
47.23333: -0.1670994,1.139921,1.596605,154.5705
47.67778: -0.1705128,1.141811,1.59584,163.7117
48.12222: -0.1695958,1.14139,1.594528,169.4907
48.56667: -0.1933277,1.120174,1.588963,199.8323
49.01111: -0.2470919,1.078717,1.580107,227.5998
49.45555: -0.4209907,1.061396,1.578004,229.1948
49.9: -0.5949404,0.9532912,1.536788,230.7812
50.34444: -0.7779065,0.7503636,1.567535,237.2723
50.78889: -1.02225,0.646804,1.553651,235.4136
51.23333: -1.235765,0.5181794,1.574064,233.317
51.67778: -1.404013,0.2976855,1.592051,237.1595
Distance to Expected Destination: 0.607612
Trail Result: Fail at object: TutorialDestination | Time Spent: -2.147484E+09
Trail No.:-1 Ends
Trail No.:0 Begins
65.18889: -0.1365095,-0.7335479,1.594196,0.3065887
65.63333: -0.1412628,-0.728893,1.592921,358.9713
66.07778: -0.1461363,-0.7262625,1.58761,356.1555
66.52222: -0.1460237,-0.7150118,1.590414,358.4238
66.96667: -0.1501016,-0.695147,1.590666,356.7135
67.41111: -0.1414061,-0.6830357,1.591727,359.4209
67.85556: -0.1389049,-0.681971,1.590858,358.4197
68.3: -0.140528,-0.6833142,1.588004,358.2522
68.74445: -0.1339912,-0.6911089,1.586818,359.3969
69.18889: -0.1372737,-0.6986957,1.586262,0.1234423
69.63333: -0.1412895,-0.7050552,1.586776,359.9573
70.07778: -0.1433261,-0.7088522,1.584834,0.5648829
70.52222: -0.1485671,-0.7041126,1.584818,359.1179
70.96667: -0.1522996,-0.6974844,1.57788,0.8279766
71.41111: -0.157763,-0.7030693,1.57956,0.2621655
71.85556: -0.1624194,-0.703132,1.577757,359.2993
72.3: -0.1581919,-0.6983891,1.57669,1.903205
72.74445: -0.1626561,-0.6890861,1.561704,358.144
73.18889: -0.1628249,-0.6873822,1.574848,358.601
Learning Tutorial: user selects target -1 position
73.63334: -0.1601338,-0.6865234,1.57932,358.0793
74.07778: -0.1529092,-0.69246,1.580672,358.0153
74.52222: -0.1457707,-0.70129,1.579918,358.7766
74.96667: -0.1404114,-0.7130219,1.58228,359.874
75.41111: -0.1444303,-0.718334,1.582824,359.8966
75.85556: -0.1525559,-0.7157662,1.581593,1.076472
76.3: -0.161483,-0.7173493,1.581642,0.6805974
76.74445: -0.1664707,-0.7187754,1.582574,1.587659
77.18889: -0.1672098,-0.7150172,1.582399,0.8598107
77.63334: -0.1619882,-0.7108104,1.58921,1.72132
78.07778: -0.1617717,-0.7019719,1.583212,1.181303
78.52222: -0.1526074,-0.6982841,1.577753,1.491894
Learning Tutorial: user selects target -1 position
78.96667: -0.1397159,-0.6968448,1.583123,0.8492578
79.41111: -0.1364034,-0.705816,1.590822,358.9297
79.85556: -0.136219,-0.7081068,1.589639,358.4604
80.3: -0.1368891,-0.7066036,1.586865,358.5576
80.74445: -0.1399331,-0.703514,1.585319,359.0687
81.18889: -0.1437642,-0.6890624,1.57826,358.9608
81.63334: -0.142895,-0.6764733,1.575203,359.2794
82.07778: -0.1441379,-0.6656364,1.571858,358.9292
82.52222: -0.1467174,-0.6755465,1.574757,358.3289
82.96667: -0.1461084,-0.6811488,1.575062,357.6581
83.41111: -0.1396966,-0.6710442,1.571718,357.3647
83.85556: -0.1298746,-0.6677427,1.561574,355.989
84.3: -0.1690229,-0.6064232,1.481774,337.2685
84.74445: -0.1500954,-0.5871344,1.462018,336.6196
85.18889: -0.1101311,-0.547913,1.443461,6.744097
85.63334: -0.1194518,-0.5270735,1.446363,17.30685
86.07778: -0.1542061,-0.5106145,1.534273,4.15211
86.52222: -0.05054668,-0.4093862,1.562613,358.3942
86.96667: -0.03247657,-0.293834,1.55634,356.35
87.41111: -0.04609059,-0.2097919,1.571073,359.3904
87.85556: -0.01542929,-0.1724723,1.571631,357.1276
88.3: -0.02243209,-0.1863341,1.573601,354.3731
88.74445: -0.02375483,-0.197882,1.572155,357.6142
89.18889: -0.02925826,-0.2038908,1.570486,357.599
89.63334: -0.03267699,-0.2128841,1.571541,358.8475
90.07778: -0.03802799,-0.2178694,1.571112,357.9
90.52222: -0.03994901,-0.2241352,1.570968,358.8643
90.96667: -0.04427769,-0.2320899,1.578533,359.1468
Learning Tutorial: user starts reading map for 10 seconds
91.41111: -0.05401635,-0.2367909,1.584252,358.0631
91.85556: -0.0583793,-0.2379168,1.58379,357.8649
92.3: -0.0619858,-0.2316092,1.583252,357.3558
92.74445: -0.06237127,-0.2200011,1.582884,356.767
93.18889: -0.05775664,-0.2138406,1.583181,356.9358
93.63334: -0.04698963,-0.213818,1.582718,356.652
94.07778: -0.03852918,-0.2083515,1.582746,355.9431
94.52222: -0.03403837,-0.2055405,1.582226,355.8458
94.96667: -0.03191385,-0.2043839,1.580984,356.1405
95.41111: -0.02823266,-0.203731,1.581132,356.5448
95.85556: -0.02111039,-0.1950597,1.581302,356.0166
96.3: -0.01867893,-0.1944602,1.58062,355.0358
96.74445: -0.02203405,-0.1950406,1.58025,353.7508
97.18889: -0.02888137,-0.1960886,1.58097,354.5679
97.63334: -0.03564608,-0.199753,1.581365,355.356
98.07778: -0.04119143,-0.2049696,1.581523,356.3047
98.52222: -0.05005268,-0.2141825,1.581434,357.681
98.96667: -0.06138686,-0.2210258,1.581628,354.3804
99.41111: -0.05982742,-0.2268648,1.581495,353.3452
99.85556: -0.06276719,-0.2291439,1.581352,354.7683
100.3: -0.06206344,-0.2133274,1.58099,0.9086427
100.7444: 0.02585757,-0.2345501,1.571634,54.32722
101.1889: 0.100496,-0.2808377,1.575491,81.07468
101.6333: 0.1554566,-0.2165278,1.572734,86.96185
102.0778: 0.35232,-0.2059999,1.542495,83.617
102.5222: 0.6446126,-0.1908957,1.574012,80.48056
102.9667: 0.948067,-0.07554828,1.575186,83.31111
103.4111: 1.21505,-0.05257305,1.567664,84.73586
103.8556: 1.381749,-0.04204491,1.59537,82.91972
104.3: 1.418366,-0.01974331,1.594655,84.3645
104.7444: 1.417658,-0.01716658,1.586041,86.96519
105.1889: 1.414672,-0.004994616,1.585942,81.15492
105.6333: 1.416607,0.003594665,1.58596,80.39395
106.0778: 1.420058,0.004528062,1.586532,79.97713
106.5222: 1.42697,0.001180433,1.585992,82.59287
106.9667: 1.433326,-0.01926232,1.588547,95.13658
107.4111: 1.437604,-0.005041324,1.588242,92.91958
107.8556: 1.433138,0.02825574,1.579538,85.6769
108.3: 1.434328,0.04350485,1.578279,84.66056
108.7444: 1.448482,0.0354646,1.576129,91.71458
109.1889: 1.446428,-0.06798137,1.576429,118.7445
109.6333: 1.467398,-0.145272,1.563392,125.9635
110.0778: 1.480138,-0.1151821,1.573548,102.8913
110.5222: 1.491839,-0.07379033,1.573066,75.71291
110.9667: 1.624945,-0.01076315,1.562505,78.6153
111.4111: 1.755256,0.03150807,1.585688,90.60645
111.8556: 1.775566,0.02930604,1.575169,85.32395
112.3: 1.780626,0.0243873,1.568779,79.65563
112.7444: 1.790563,0.006613482,1.573541,81.51559
113.1889: 1.810453,-0.01956886,1.572762,80.32988
113.6333: 1.874209,-0.006074384,1.567054,82.21407
Learning Tutorial: user selects target 0 position
114.0778: 1.960474,0.03071229,1.579606,86.03364
114.5222: 1.984902,0.005089846,1.580503,85.11744
114.9667: 2.005233,-0.01155035,1.583894,91.00758
115.4111: 2.007311,-0.008014645,1.581115,97.35331
115.8556: 2.008431,-0.005239576,1.577139,102.9272
116.3: 2.019797,-0.00484685,1.575584,95.64634
116.7444: 2.038943,0.01024285,1.579806,65.00623
117.1889: 2.009559,0.08608536,1.575255,2.982552
117.6333: 1.988626,0.129933,1.572937,319.1226
118.0778: 2.046199,0.1244787,1.583908,302.8967
118.5222: 2.019886,0.07648046,1.580344,298.0293
118.9667: 1.978381,0.01787184,1.555552,248.0586
119.4111: 1.972593,0.06323847,1.550544,257.5826
119.8556: 2.003813,0.1251283,1.587003,302.3306
120.3: 2.023929,0.1223222,1.586355,302.7013
120.7444: 2.028689,0.08718905,1.581657,305.8841
121.1889: 2.027813,0.0611067,1.581161,306.1251
121.6333: 2.022521,0.01190713,1.583267,305.0069
122.0778: 2.033154,-0.007394376,1.581484,301.3773
122.5222: 2.015029,-0.009958572,1.578241,303.3522
122.9667: 1.994191,0.01363635,1.573551,307.4846
123.4111: 1.980881,0.02131406,1.574387,306.0764
123.8556: 1.994256,0.03888109,1.578596,302.926
124.3: 1.966821,0.04668476,1.535382,267.4273
124.7444: 1.981147,0.1114651,1.560577,292.6441
125.1889: 1.993195,0.1234204,1.572401,300.3787
125.6333: 1.986196,0.08789428,1.559665,269.7913
126.0778: 2.005345,0.0278167,1.558181,229.8768
126.5222: 2.025948,0.002822423,1.563863,208.4961
126.9667: 2.012161,-0.0005674623,1.560307,216.8985
127.4111: 1.957714,0.02741181,1.523038,247.7409
127.8556: 1.943359,0.07624301,1.522486,258.2524
128.3: 1.799285,-0.01429109,1.509239,268.8256
128.7444: 1.555693,-0.1267797,1.515786,269.8881
129.1889: 1.238089,-0.1314908,1.498191,265.0143
129.6333: 0.9349141,-0.2398958,1.472916,270.1796
130.0778: 0.6327532,-0.2974972,1.479231,286.8276
130.5222: 0.3686298,-0.2140672,1.528025,302.9959
130.9667: 0.2032174,-0.220499,1.561698,343.0718
131.4111: 0.1631267,-0.1732921,1.572924,349.797
131.8556: 0.1226699,-0.1441354,1.579328,349.4204
132.3: 0.02753953,-0.1342408,1.582532,354.8511
132.7444: 0.02824305,-0.1238262,1.585747,355.7177
133.1889: 0.06006982,-0.1248571,1.584589,352.3307
133.6333: 0.0731993,-0.1305657,1.584412,353.9725
134.0778: 0.07453826,-0.1407346,1.583915,354.0897
134.5222: 0.07570796,-0.1401838,1.583262,355.0344
134.9667: 0.06999062,-0.1292811,1.571193,355.5816
135.4111: 0.07430579,-0.1277958,1.574934,355.2433
135.8556: 0.07101455,-0.1355288,1.579679,354.8152
136.3: 0.06458962,-0.1420255,1.582286,355.3424
136.7444: 0.04934312,-0.1366064,1.579985,357.1877
137.1889: 0.03863356,-0.1230789,1.577764,356.5109
137.6333: 0.03840876,-0.1179791,1.579136,356.8932
138.0778: 0.03637896,-0.1128397,1.578953,357.4897
138.5222: 0.03693975,-0.1025026,1.577908,356.7327
Learning Tutorial: user starts reading map for 10 seconds
138.9667: 0.03894218,-0.09430902,1.573155,354.5919
139.4111: 0.04132526,-0.1150296,1.581215,350.2626
139.8556: 0.05224126,-0.1173774,1.580815,346.8601
140.3: 0.06327861,-0.1242332,1.581528,344.8584
140.7444: 0.07051425,-0.1258596,1.581213,344.3736
141.1889: 0.07522678,-0.130844,1.582742,345.1147
141.6333: 0.06854562,-0.1265981,1.582355,343.6402
142.0778: 0.07295551,-0.1182528,1.582212,342.6204
142.5222: 0.09103224,-0.1014033,1.579945,337.9176
142.9667: 0.1102357,-0.09986213,1.580023,339.292
143.4111: 0.1104264,-0.1015991,1.580643,344.2309
143.8556: 0.1073435,-0.0971656,1.583613,347.2096
144.3: 0.1030604,-0.09468345,1.584517,348.2654
144.7444: 0.06624851,-0.09942867,1.588254,317.0886
145.1889: 0.04356452,-0.09594896,1.587679,294.4479
145.6333: 0.05814551,-0.0725144,1.586515,340.0572
146.0778: 0.06005799,-0.08218651,1.586668,355.8911
146.5222: 0.06090269,-0.0980735,1.588571,0.6991317
146.9667: 0.06295756,-0.107069,1.585246,0.2357631
147.4111: 0.05959405,-0.1129118,1.585999,3.368283
147.8556: 0.01000255,-0.1071273,1.584062,317.6665
148.3: -0.05149489,-0.1148123,1.581061,284.274
148.7444: -0.1157959,-0.1057148,1.56679,287.8237
149.1889: -0.2261524,0.009386133,1.555635,284.6694
149.6333: -0.389141,0.1476887,1.58148,282.6262
150.0778: -0.692192,0.1954419,1.558615,283.1741
150.5222: -0.9884779,0.2826056,1.570381,283.6269
150.9667: -1.26323,0.3945736,1.58779,282.0959
151.4111: -1.562244,0.3823971,1.586993,286.3835
151.8556: -1.73365,0.4295454,1.596207,285.3344
152.3: -1.804457,0.460433,1.599941,284.4458
152.7444: -1.830358,0.441749,1.588739,283.1376
153.1889: -1.941245,0.4823827,1.5748,286.4313
153.6333: -2.13058,0.6053362,1.575722,282.4425
154.0778: -2.283191,0.6490299,1.574804,278.688
154.5222: -2.415758,0.6224584,1.581228,282.0255
154.9667: -2.488615,0.6291091,1.579415,245.4053
155.4111: -2.502812,0.553377,1.571141,192.091
155.8556: -2.499054,0.4868381,1.570221,142.5394
156.3: -2.511506,0.5208876,1.581934,104.7101
156.7444: -2.440279,0.5538388,1.57331,101.605
157.1889: -2.433963,0.5296955,1.542868,86.2551
157.6333: -2.4368,0.4848863,1.541982,102.2177
158.0778: -2.45457,0.4500496,1.548403,132.0045
158.5222: -2.458856,0.4509771,1.548228,133.7634
158.9667: -2.471552,0.4716321,1.556163,130.685
159.4111: -2.461596,0.5306953,1.557734,95.83516
159.8556: -2.470716,0.5620403,1.581619,75.56853
160.3: -2.480133,0.5638456,1.587814,66.11113
160.7444: -2.487347,0.5144169,1.587049,104.7903
161.1889: -2.502188,0.4774721,1.565575,133.287
161.6333: -2.467699,0.4797309,1.539968,116.242
162.0778: -2.463467,0.4842231,1.549494,111.979
Learning Tutorial: user selects target 1 position
162.5222: -2.468003,0.5028409,1.552497,108.381
162.9667: -2.462893,0.5551149,1.566659,81.04201
163.4111: -2.470045,0.5385662,1.573167,63.61769
163.8556: -2.393385,0.4507126,1.535747,84.74936
164.3: -2.243734,0.4674839,1.567915,56.54259
164.7444: -2.162036,0.3919073,1.578909,52.35303
165.1889: -2.152866,0.3141884,1.572082,52.36217
165.6333: -2.104152,0.2284001,1.536837,94.48737
166.0778: -2.083966,0.1881223,1.521974,102.7973
166.5222: -1.995341,0.1062526,1.512733,98.15579
166.9667: -1.66256,0.0586432,1.51267,92.97639
167.4111: -1.377611,-0.01055835,1.482057,88.16419
167.8556: -1.042577,-0.1255152,1.495682,77.58521
168.3: -0.7218983,-0.1294698,1.461555,75.1673
168.7444: -0.4641672,-0.1537239,1.496809,62.37106
169.1889: -0.3384305,-0.20027,1.55884,10.13191
169.6333: -0.2716956,-0.1610818,1.563878,5.458783
170.0778: -0.1896412,-0.1464413,1.578973,0.4286259
170.5222: -0.1260361,-0.1729795,1.584861,358.3593
170.9667: -0.1399585,-0.183556,1.589332,357.5102
171.4111: -0.1335283,-0.1798652,1.591033,358.1206
171.8556: -0.1220161,-0.1769121,1.591295,357.8594
172.3: -0.1207346,-0.1788938,1.588242,357.2522
172.7444: -0.1186176,-0.1785298,1.586979,358.5323
173.1889: -0.1201248,-0.1795555,1.585814,359.5728
173.6333: -0.1213591,-0.1803386,1.584773,359.8294
174.0778: -0.1296737,-0.1747469,1.582445,1.158804
174.5222: -0.1329245,-0.1698318,1.582953,1.2712
174.9667: -0.1325898,-0.1673921,1.583744,0.9833414
175.4111: -0.1355962,-0.1639953,1.586226,0.8832194
175.8556: -0.1384845,-0.1610706,1.585432,0.6498688
176.3: -0.135175,-0.1618396,1.586123,1.832116
176.7444: -0.1361819,-0.1652358,1.58475,0.5355126
Learning Tutorial: user starts reading map for 10 seconds
177.1889: -0.13754,-0.1628813,1.574637,0.9715745
177.6333: -0.1436886,-0.1742208,1.589667,0.8944035
178.0778: -0.1455211,-0.1793658,1.590599,1.643058
178.5222: -0.1473521,-0.1691608,1.590201,1.087143
178.9667: -0.1462514,-0.1655231,1.591131,0.7349498
179.4111: -0.1424213,-0.1675626,1.59048,1.014906
179.8556: -0.1373356,-0.1694373,1.590595,1.431088
180.3: -0.1355538,-0.1709259,1.590755,1.621214
180.7444: -0.1337563,-0.1738101,1.590943,1.58365
181.1889: -0.1336638,-0.1730444,1.590525,2.212442
181.6333: -0.1348224,-0.1750892,1.590184,2.244527
182.0778: -0.1356455,-0.1759435,1.589961,2.358255
182.5222: -0.1384174,-0.1719419,1.589631,2.688212
182.9667: -0.1419038,-0.162616,1.588526,1.874344
183.4111: -0.1417456,-0.1582828,1.58827,2.558397
183.8556: -0.1404506,-0.1615823,1.590859,2.117399
184.3: -0.140501,-0.1631858,1.590276,2.025984
184.7444: -0.1423863,-0.1628796,1.589979,1.649842
185.1889: -0.1414569,-0.1644915,1.589883,1.985065
185.6333: -0.1413541,-0.1645141,1.589357,1.936509
186.0778: -0.1405737,-0.1656931,1.588993,2.270893
186.5222: -0.114917,-0.1198552,1.556139,1.129728
186.9667: -0.07575666,-0.06092631,1.542181,358.3744
187.4111: -0.1292736,0.1262357,1.532723,0.416213
187.8556: -0.1658017,0.3600112,1.564281,3.947484
188.3: -0.09475999,0.7168385,1.548491,1.669153
188.7444: -0.104651,1.051663,1.527617,0.8102868
189.1889: -0.1147899,1.358858,1.567161,4.687413
189.6333: -0.01937992,1.620764,1.573247,2.666917
190.0778: -0.01255003,1.791174,1.576914,2.930912
190.5222: 0.003911376,1.865506,1.585339,3.036789
190.9667: 0.01980097,1.888074,1.589429,2.97569
Learning Tutorial: user selects target 2 position
191.4111: 0.0266387,1.878726,1.598805,2.592698
191.8556: 0.02056209,1.871882,1.594118,1.549523
192.3: -0.002767414,1.883922,1.593741,358.8552
192.7444: -0.06916062,1.917834,1.588387,337.2913
193.1889: -0.08294117,1.967163,1.579419,295.014
193.6333: -0.08957277,1.927993,1.573825,251.1129
194.0778: -0.06087995,1.803832,1.556512,206.1931
194.5222: -0.04087491,1.787089,1.549805,170.6109
194.9667: -0.09918856,1.778082,1.538834,174.3213
195.4111: -0.1041385,1.607038,1.514294,175.637
195.8556: -0.1100286,1.351405,1.521275,175.2476
196.3: -0.2378072,1.096077,1.503973,168.1128
196.7444: -0.2680252,0.8416567,1.471313,160.7398
197.1889: -0.2490455,0.5207034,1.483089,156.8271
197.6333: -0.2979557,0.2453279,1.469727,139.0863
198.0778: -0.2259728,0.09523518,1.478878,114.4358
198.5222: -0.1050994,0.06765842,1.526874,75.33038
198.9667: -0.08019358,0.003684124,1.559298,18.56479
199.4111: -0.1085882,-0.003109278,1.573791,356.8398
199.8556: -0.1039845,0.009374791,1.580696,1.04249
200.3: -0.04251561,-0.03090894,1.586824,352.4103
200.7444: -0.04526814,-0.05499407,1.580198,0.374189
201.1889: -0.05168904,-0.06292772,1.582455,357.0306
201.6333: -0.0457706,-0.05526344,1.583193,359.1584
202.0778: -0.05984814,-0.05387673,1.583768,357.778
202.5222: -0.07173488,-0.05256389,1.584012,358.9456
Learning Tutorial: user starts reading map for 10 seconds
202.9667: -0.07911159,-0.04978729,1.580251,359.74
203.4111: -0.08690499,-0.06570935,1.589563,358.6501
203.8556: -0.09549278,-0.07302089,1.589482,356.9585
204.3: -0.09357052,-0.07991904,1.591341,355.7064
204.7444: -0.08925305,-0.08369464,1.591752,356.4081
205.1889: -0.08799651,-0.08193195,1.59249,356.5278
205.6333: -0.08816656,-0.07576771,1.592302,356.5222
206.0778: -0.08732263,-0.06668233,1.591025,356.4027
206.5222: -0.08745418,-0.06157291,1.594585,355.7269
206.9667: -0.09017602,-0.05785136,1.592802,354.1449
207.4111: -0.09023865,-0.05442628,1.592038,353.5938
207.8556: -0.08910738,-0.05692995,1.592027,352.9546
208.3: -0.09047425,-0.06253849,1.591609,352.9688
208.7444: -0.09363417,-0.06660639,1.592207,352.9506
209.1889: -0.09401965,-0.06901257,1.591951,352.9142
209.6333: -0.09270652,-0.06852032,1.592357,353.2505
210.0778: -0.09339424,-0.06410226,1.591594,353.3877
210.5222: -0.09497236,-0.05977131,1.591446,353.2978
210.9667: -0.09811354,-0.05601268,1.590873,353.1602
211.4111: -0.1008798,-0.0570655,1.590647,352.9202
211.8556: -0.09927844,-0.05639742,1.590736,353.5187
212.3: -0.05186221,-0.03479393,1.5802,11.89507
212.7444: -0.04627728,-0.02886007,1.575132,69.06136
213.1889: -0.04898179,-0.1267765,1.563906,120.4231
213.6333: -0.07042009,-0.121,1.559931,172.4004
214.0778: -0.1201211,-0.1432631,1.552591,185.9406
214.5222: -0.1325451,-0.1916953,1.555028,175.8567
214.9667: -0.06958125,-0.3716715,1.535974,173.934
215.4111: -0.03038519,-0.6062241,1.546849,172.4439
215.8556: -0.06914958,-0.8755894,1.556483,172.4419
216.3: 0.01324262,-1.119728,1.53089,172.91
216.7444: 0.08146987,-1.371814,1.564597,174.7564
217.1889: 0.06526697,-1.556204,1.571214,172.5217
217.6333: 0.0952345,-1.620933,1.574948,174.8067
218.0778: 0.1030337,-1.643909,1.569679,177.6802
Learning Tutorial: user selects target 3 position
218.5222: 0.1127191,-1.649386,1.572845,178.9237
218.9667: 0.1193808,-1.639417,1.56876,177.9365
219.4111: 0.1152338,-1.634364,1.568896,177.5887
219.8556: 0.1087456,-1.635384,1.569777,178.4918
220.3: 0.1149192,-1.640557,1.569609,176.2759
220.7444: 0.1196728,-1.6457,1.568376,174.5658
221.1889: 0.1398256,-1.657541,1.567815,170.3795
221.6333: 0.1881887,-1.680354,1.564093,143.6513
222.0778: 0.2082499,-1.71126,1.564672,81.52151
222.5222: 0.1731025,-1.609741,1.567288,24.2403
222.9667: 0.1668189,-1.558706,1.555663,359.3387
223.4111: 0.1757506,-1.555042,1.538994,349.3475
223.8556: 0.1859765,-1.498888,1.53466,351.4055
224.3: 0.09404457,-1.300959,1.502984,352.087
224.7444: 0.1262699,-1.043312,1.483042,349.7445
225.1889: 0.09793356,-0.7965226,1.505634,347.6049
225.6333: 0.0005423091,-0.5592866,1.563367,355.0157
226.0778: 0.0216594,-0.344763,1.556708,352.9012
226.5222: 0.01867234,-0.1951426,1.573871,354.7157
226.9667: -0.0004785284,-0.1601823,1.579402,355.1373
227.4111: 0.004671719,-0.1614503,1.58021,355.9918
227.8556: 0.003555294,-0.1838001,1.582393,355.525
Learning Tutorial: user starts reading map for 10 seconds
228.3: -0.0004129969,-0.1957417,1.58432,355.5689
228.7444: -0.001861516,-0.20372,1.586269,353.5113
229.1889: -0.003452137,-0.2083838,1.585897,352.653
229.6333: -0.007349584,-0.2039403,1.585612,353.3125
230.0778: -0.008969117,-0.2008983,1.584322,354.0699
230.5222: -0.008806493,-0.2006127,1.582112,354.3782
230.9667: -0.009904688,-0.1966345,1.582887,354.9291
231.4111: -0.007309429,-0.1883739,1.581583,355.6109
231.8556: -0.006941035,-0.1877429,1.585707,357.2657
232.3: -0.009964708,-0.179602,1.585103,357.7085
232.7444: -0.01072176,-0.1709677,1.58416,357.3683
233.1889: -0.008518416,-0.1612105,1.583593,356.3958
233.6333: -0.007878974,-0.1544345,1.583207,356.8061
234.0778: -0.004247904,-0.1546464,1.583307,356.9416
234.5222: -0.003527019,-0.1620589,1.583867,356.8344
234.9667: -0.006300267,-0.1660271,1.583423,356.569
235.4111: -0.00945374,-0.1708437,1.583877,356.6414
235.8556: -0.01337885,-0.1703397,1.583319,356.2772
236.3: -0.01643755,-0.1714284,1.583767,356.2528
236.7444: -0.01577556,-0.1718916,1.583671,356.2379
237.1889: -0.02186968,-0.1674905,1.581824,352.19
237.6333: -0.04837091,-0.1506093,1.57042,322.0615
238.0778: -0.09873638,-0.1226167,1.561557,318.5186
238.5222: -0.1966991,-0.03381706,1.547091,319.4711
238.9667: -0.2767057,0.201305,1.539029,314.7823
239.4111: -0.3884335,0.3747063,1.543613,312.8513
239.8556: -0.6397166,0.5363339,1.551538,313.5628
240.3: -0.8146003,0.7425711,1.53811,314.7592
240.7444: -0.9961345,0.9850532,1.567108,312.0382
241.1889: -1.218468,1.144878,1.559801,315.55
241.6333: -1.308704,1.24163,1.570819,318.0493
242.0778: -1.332908,1.2773,1.573574,322.6747
242.5222: -1.2776,1.384829,1.567352,329.798
242.9667: -1.193063,1.498279,1.575249,332.9164
Learning Tutorial: user selects target 4 position
243.4111: -1.191425,1.509154,1.574688,333.9141
243.8556: -1.225231,1.499527,1.574812,334.0539
244.3: -1.245968,1.486204,1.574329,334.622
244.7444: -1.253053,1.477499,1.573798,336.1691
245.1889: -1.262366,1.481679,1.571379,341.6203
245.6333: -1.275726,1.486998,1.573231,346.5786
246.0778: -1.193867,1.507001,1.570337,39.5899
246.5222: -1.098655,1.516771,1.575699,57.98635
246.9667: -1.120549,1.552902,1.565162,70.0166
247.4111: -1.133223,1.489296,1.565006,68.57046
247.8556: -1.070565,1.343293,1.562094,62.48552
248.3: -0.9587063,1.200593,1.519492,110.1934
248.7444: -0.8289442,1.144068,1.510245,134.7543
249.1889: -0.7762175,0.994063,1.503632,138.3509
249.6333: -0.7205448,0.7340708,1.506019,135.1253
250.0778: -0.5610832,0.5283793,1.477599,132.6281
250.5222: -0.4348957,0.3176201,1.488661,128.247
250.9667: -0.3407598,0.1372173,1.522284,95.53655
251.4111: -0.2742919,0.1585683,1.549334,21.98619
251.8556: -0.1990323,0.08268529,1.569526,3.03741
252.3: -0.1383658,-0.006158927,1.576751,358.5967
252.7444: -0.1400796,-0.03546217,1.577523,357.949
253.1889: -0.119105,-0.05123195,1.58319,357.3857
253.6333: -0.1706236,-0.03161956,1.583643,0.3594337
254.0778: -0.1801919,-0.02221769,1.577887,1.646339
254.5222: -0.1337625,-0.03280712,1.575964,359.0304
254.9667: -0.119173,-0.04863985,1.575948,2.03405
255.4111: -0.09826607,-0.05385423,1.577897,0.2042674
255.8556: -0.03571841,-0.04972015,1.574416,357.2466
256.3: -0.02957204,-0.0491686,1.575528,358.2972
Trail Result: Success object: Learning Phase | Time Spent: -2.147484E+09
Trail No.:0 Ends
User starts reading map for 1 seconds.
Trail No.:2 Begins
273.1111: -0.1161154,-0.1291608,1.59153,1.69938
273.5556: -0.1194836,-0.124334,1.589036,356.6614
274: -0.1321575,-0.07758037,1.562854,325.1118
274.4445: -0.221854,0.01678141,1.549773,321.1637
274.8889: -0.4067915,0.188224,1.561089,320.2642
275.3333: -0.5291162,0.4394481,1.543791,314.6782
275.7778: -0.6944023,0.6465362,1.558238,313.18
276.2222: -0.9426106,0.8209898,1.568263,317.3237
276.6667: -1.074767,1.041138,1.549537,322.8098
277.1111: -1.186693,1.214387,1.578312,323.6766
Distance to Expected Destination: 1.010206
Trail Result: Fail at object: Level1EndingPoint | Time Spent: 4.853779
Trail No.:2 Ends
User starts reading map for 1 seconds.
Trail No.:19 Begins
291.2: -0.1278761,-0.02233664,1.589625,3.980678
291.6444: -0.1011219,-0.007988196,1.585113,23.31554
292.0889: -0.02726534,-0.01869307,1.567709,63.46653
292.5333: 0.09626319,-0.03187809,1.558881,55.03223
292.9778: 0.254122,0.07910467,1.530926,55.10595
293.4222: 0.4766697,0.26019,1.567654,61.39382
293.8667: 0.7764279,0.3445974,1.550342,60.32028
294.3111: 1.048395,0.4830227,1.544642,67.30426
294.7556: 1.288431,0.6401249,1.572153,71.7647
295.2: 1.539712,0.6898283,1.572904,68.98746
295.6444: 1.656456,0.7533343,1.588264,69.55324
Distance to Expected Destination: 1.2286
Trail Result: Fail at object: Level1EndingPoint | Time Spent: 5.055962
Trail No.:19 Ends
User starts reading map for 1 seconds.
Trail No.:15 Begins
331.3667: -0.02439924,-0.005897869,1.597574,348.594
331.8111: -0.00741988,-0.006027578,1.59052,13.52783
332.2556: 0.03712024,-0.02943438,1.577492,60.74268
332.7: 0.1234986,-0.05793105,1.56898,73.534
333.1444: 0.220133,-0.01556631,1.570315,79.79099
333.5889: 0.3531665,0.1090577,1.554402,82.0355
334.0334: 0.6052263,0.110971,1.532021,81.44282
334.4778: 0.8786057,0.1032276,1.562571,79.9149
334.9222: 1.188102,0.1906192,1.561075,85.10628
335.3667: 1.479158,0.1640789,1.545836,87.41772
335.8111: 1.759299,0.1365421,1.580714,86.83548
336.2556: 1.91121,0.1809172,1.585415,91.32906
Distance to Expected Destination: 3.93227
Trail Result: Fail at object: Level1EndingPoint | Time Spent: 5.386452
Trail No.:15 Ends
