Participant Name: Lll
Participant Gender: f
Participant ID: 17
Test Date: 1109
Navi Mode: full
Trial No.:-1 Begins
43.37778: 0.03674138,-0.1218132,1.512795,356.2209
43.6: 0.03507164,-0.1239752,1.515759,355.5713
43.82222: 0.0311296,-0.1298223,1.520947,352.1898
44.04445: 0.03240333,-0.1404258,1.523133,350.432
44.26667: 0.04078817,-0.1450056,1.524131,354.9097
44.48889: 0.05606752,-0.1457093,1.523951,8.858723
44.71111: 0.06015074,-0.1442304,1.523355,13.33504
44.93333: 0.04693563,-0.137959,1.52236,3.944234
45.15556: 0.03135014,-0.1345952,1.520792,351.996
45.37778: 0.03305712,-0.1322649,1.520692,352.3807
45.6: 0.03631637,-0.1295917,1.519219,353.2875
45.82222: 0.04042243,-0.1260761,1.51807,355.7283
46.04445: 0.04866303,-0.1236422,1.51699,2.281898
46.26667: 0.05400757,-0.1200562,1.515429,5.349853
46.48889: 0.05392173,-0.1170797,1.514401,4.678455
46.71111: 0.05072895,-0.1136251,1.513138,2.871319
46.93333: 0.04617838,-0.111617,1.513046,0.282829
47.15556: 0.04423798,-0.1099838,1.513475,359.6225
47.37778: 0.04386028,-0.109805,1.513298,359.5497
47.6: 0.043095,-0.1107306,1.513557,359.4272
47.82222: 0.04280538,-0.112988,1.514145,0.02666015
48.04445: 0.04485746,-0.1148686,1.515949,1.792565
48.26667: 0.04518658,-0.1156249,1.516427,1.04241
48.48889: 0.04594395,-0.1174583,1.516469,359.8661
48.71111: 0.04728136,-0.1182904,1.517499,358.9626
48.93333: 0.05508826,-0.1163379,1.516246,359.1934
49.15556: 0.0648791,-0.1105943,1.515247,358.8739
49.37778: 0.07191663,-0.1023768,1.515203,358.0799
49.6: 0.07686459,-0.09566884,1.514978,358.5387
49.82222: 0.0787022,-0.09315635,1.514471,358.552
50.04445: 0.07901144,-0.08989359,1.515514,358.2623
50.26667: 0.08434968,-0.0862155,1.512453,357.7536
50.48889: 0.07527148,-0.0662033,1.512518,356.6759
50.71111: 0.05028749,-0.03412636,1.512121,357.4446
50.93333: 0.02916667,-0.0052633,1.515313,358.2429
51.15556: 0.01722863,0.02371326,1.511983,358.9398
51.37778: 0.02627933,0.07350977,1.514271,0.1865337
51.6: 0.06751578,0.1296346,1.512471,1.12539
51.82222: 0.1028684,0.1942511,1.519435,0.3069064
52.04445: 0.1033672,0.2857524,1.519144,358.0471
52.26667: 0.07424563,0.3955827,1.52002,357.062
52.48889: 0.05991482,0.5074111,1.525571,356.121
52.71111: 0.07630657,0.6139318,1.516812,355.1085
52.93333: 0.08741501,0.715722,1.52481,354.319
53.15556: 0.06353386,0.8135183,1.518432,354.455
53.37778: 0.02854726,0.8996135,1.527977,353.7805
53.6: 0.0240999,0.975154,1.533589,353.8107
53.82222: 0.04864038,1.045228,1.52893,353.3919
54.04445: 0.05885854,1.098161,1.533854,353.3096
54.26667: 0.04292729,1.122548,1.536435,352.7143
54.48889: 0.02908493,1.131119,1.537039,351.7417
54.71111: 0.03086385,1.133611,1.536517,353.1914
54.93333: 0.03774425,1.129051,1.536014,353.5274
55.15556: 0.04574907,1.12467,1.534762,353.7229
55.37778: 0.04665012,1.122894,1.534138,352.8475
55.6: 0.04539316,1.12278,1.533366,352.5435
55.82222: 0.04166372,1.123327,1.532748,352.5313
56.04445: 0.03581184,1.12402,1.532505,352.2738
56.26667: 0.03192285,1.125972,1.532187,352.2878
56.48889: 0.03046591,1.127232,1.532333,352.9012
56.71111: 0.02966766,1.127259,1.533208,352.7056
56.93333: 0.03131689,1.126901,1.533799,352.6052
57.15556: 0.03402755,1.128214,1.532936,352.426
57.37778: 0.03618886,1.130538,1.532751,352.0079
Tutorial Bubble: Sphere Clicked
57.6: 0.03815163,1.132872,1.532143,352.0154
57.82222: 0.03800185,1.135022,1.531655,351.9289
58.04445: 0.02244805,1.138454,1.549212,341.8961
58.26667: -0.02764666,1.114992,1.539618,323.2861
58.48889: -0.112918,1.079142,1.526366,317.9135
58.71111: -0.1993821,1.070464,1.531095,318.0466
58.93333: -0.2535359,1.110025,1.53213,325.7917
59.15556: -0.2782173,1.169662,1.522052,332.3531
59.37778: -0.3156119,1.203393,1.52609,338.6114
59.6: -0.3717317,1.213449,1.528147,341.3916
Tutorial Bubble: Sphere (2) Clicked
59.82222: -0.399366,1.213754,1.529345,345.2307
60.04445: -0.3959751,1.2095,1.53115,349.6093
60.26667: -0.3646016,1.208327,1.53096,16.4606
60.48889: -0.3004754,1.170814,1.527148,45.72655
60.71111: -0.2232515,1.112245,1.524225,56.40041
60.93333: -0.1403232,1.078773,1.525053,62.04628
61.15556: -0.04986168,1.080944,1.520906,62.44324
61.37778: 0.04430067,1.109508,1.518147,63.36908
61.6: 0.1327904,1.125316,1.531199,58.89107
61.82222: 0.233108,1.117793,1.527791,51.79745
62.04445: 0.3357657,1.102169,1.529222,41.34149
62.26667: 0.3987783,1.116565,1.538152,30.43124
62.48889: 0.4317988,1.151924,1.532823,22.22459
Tutorial Bubble: Sphere (1) Clicked
62.71111: 0.4596686,1.174953,1.542371,17.50313
62.93333: 0.485375,1.177207,1.541889,13.07138
63.15556: 0.504824,1.175713,1.544298,11.54817
63.37778: 0.5302232,1.174382,1.547463,10.42445
63.6: 0.551975,1.162612,1.544739,5.264834
63.82222: 0.5409025,1.147285,1.539931,2.081618
64.04445: 0.4835613,1.124452,1.539265,354.4935
64.26667: 0.3972464,1.095416,1.538971,317.9147
64.48889: 0.361205,1.049929,1.53873,273.6578
64.71111: 0.3830245,1.010213,1.543102,230.5189
64.93333: 0.4015832,1.019299,1.546932,224.2568
65.15556: 0.4138362,1.036029,1.545802,229.6829
65.37778: 0.4310197,1.034291,1.54565,222.9318
65.6: 0.4153954,1.022443,1.539561,229.3908
65.82223: 0.3970405,1.007022,1.53744,238.0108
66.04445: 0.3950662,0.9755821,1.539212,226.2264
66.26667: 0.3817258,0.9500276,1.538755,221.8114
66.48889: 0.3664405,0.9305216,1.536504,219.2584
66.71111: 0.3430524,0.9180495,1.534783,223.0508
66.93333: 0.3148865,0.9038226,1.529107,231.8168
67.15556: 0.2754882,0.890142,1.529608,233.9961
67.37778: 0.2120308,0.8948799,1.521245,236.372
67.6: 0.1213048,0.8919691,1.519785,241.1324
67.82223: 0.02567181,0.841488,1.515549,242.5526
68.04445: -0.06627592,0.7583817,1.51189,245.0377
68.26667: -0.1694404,0.6934106,1.517904,246.5188
68.48889: -0.2735171,0.6585746,1.506195,247.8208
68.71111: -0.3537576,0.6234987,1.512387,249.2684
68.93333: -0.419653,0.5711445,1.511291,253.4768
69.15556: -0.4727615,0.5213301,1.515485,269.7089
69.37778: -0.5165408,0.4927219,1.519123,274.2786
69.6: -0.5703766,0.4920952,1.517209,270.2419
69.82223: -0.6234585,0.4998901,1.515137,266.0881
70.04445: -0.6737466,0.4839293,1.51656,263.4467
70.26667: -0.7320941,0.437417,1.508092,262.1447
70.48889: -0.7902174,0.3710746,1.507445,261.2674
70.71111: -0.8529865,0.328752,1.511024,259.8731
70.93333: -0.9300597,0.3200242,1.504873,262.2711
71.15556: -0.999685,0.3323409,1.505217,264.5444
71.37778: -1.052241,0.3282671,1.509019,267.0211
71.6: -1.095004,0.3033749,1.50766,272.6731
71.82223: -1.130136,0.2634607,1.508453,283.4578
72.04445: -1.155473,0.2266097,1.50433,289.2678
72.26667: -1.176198,0.2019413,1.505071,288.0072
72.48889: -1.189943,0.2005128,1.505045,287.0067
72.71111: -1.191629,0.210592,1.507097,287.8672
72.93333: -1.193311,0.2200477,1.507921,288.4817
73.15556: -1.199055,0.2254181,1.509271,287.521
73.37778: -1.208171,0.2288873,1.50946,286.338
73.6: -1.223162,0.2334164,1.511162,285.1091
73.82223: -1.243409,0.2225842,1.510388,281.1002
74.04445: -1.261769,0.1761386,1.509559,279.8961
74.26667: -1.279434,0.1212585,1.512704,282.676
74.48889: -1.287302,0.09980159,1.512226,285.9967
74.71111: -1.283813,0.102297,1.513311,288.2239
74.93333: -1.281009,0.1051813,1.512475,289.0005
75.15556: -1.283211,0.1052378,1.512979,288.5519
75.37778: -1.286009,0.1064183,1.512135,288.0099
75.6: -1.287795,0.110186,1.512777,287.5023
75.82223: -1.286545,0.1116578,1.512573,287.2942
76.04445: -1.28652,0.1124378,1.512001,287.1989
76.26667: -1.286959,0.1134039,1.511942,287.0055
76.48889: -1.288407,0.1142033,1.511896,286.7589
76.71111: -1.288775,0.1141578,1.51201,286.7051
76.93333: -1.288781,0.1139471,1.51117,286.727
77.15556: -1.289697,0.1127821,1.510343,286.9308
77.37778: -1.293057,0.1059173,1.510545,286.2707
77.6: -1.301096,0.0847196,1.509558,284.3044
77.82223: -1.31828,0.0482601,1.504131,278.6642
78.04445: -1.350656,0.02007142,1.505028,270.8193
78.26667: -1.404048,0.01213909,1.501151,266.6862
78.48889: -1.453677,0.02187106,1.499552,265.9203
78.71111: -1.478482,0.00481337,1.509037,268.1554
78.93333: -1.486265,-0.02536463,1.518608,269.0173
79.15556: -1.488573,-0.02914933,1.514263,268.6502
Distance to Expected Destination: 0.5100257
Trial Result: Success object: TutorialDestination | Time Spent: -2.147484E+09
Trial No.:-1 Ends
Trial No.:0 Begins
177.2889: 0.0108835,-0.6910493,1.497184,358.8401
177.5111: 0.01212865,-0.6911002,1.496635,359.1881
177.7333: 0.01239186,-0.6975663,1.506522,359.2202
177.9556: 0.01399735,-0.7140893,1.51179,358.3923
178.1778: 0.02122434,-0.7201943,1.504041,353.19
178.4: 0.03839746,-0.7242581,1.498496,351.4231
178.6222: 0.05251117,-0.7279223,1.491764,352.9472
178.8445: 0.05136309,-0.7272524,1.491031,354.9246
179.0667: 0.0393893,-0.7224929,1.49517,356.8712
179.2889: 0.02796551,-0.7163497,1.498874,358.2585
179.5111: 0.01879654,-0.7098801,1.497352,357.6613
179.7333: 0.01303898,-0.6976994,1.49772,357.2636
179.9556: 0.01306924,-0.6909901,1.49926,357.5141
180.1778: 0.01306924,-0.6909901,1.49926,357.5141
180.4: -0.01566974,-0.665236,1.501811,359.0318
180.6222: -0.02259192,-0.6626779,1.502179,359.2928
180.8445: -0.01763062,-0.6608135,1.504699,359.0103
181.0667: -0.01083004,-0.6584727,1.504557,358.9755
181.2889: -0.003012643,-0.6558945,1.503076,357.1405
181.5111: 0.006474737,-0.6544303,1.503477,357.5466
181.7333: 0.0162111,-0.6486459,1.506844,359.4694
181.9556: 0.02845688,-0.6413251,1.5077,1.025088
182.1778: 0.0336083,-0.6403509,1.504497,359.0439
182.4: 0.03637522,-0.6464182,1.503041,359.1573
182.6222: 0.0369687,-0.6521937,1.501812,359.3954
182.8445: 0.03542139,-0.6581528,1.501756,358.8349
183.0667: 0.03353709,-0.6613114,1.50213,358.3799
183.2889: 0.03182564,-0.6593026,1.50245,357.8774
183.5111: 0.03065315,-0.6517737,1.502539,357.9241
183.7333: 0.02924384,-0.6423614,1.501344,358.8504
183.9556: 0.02761479,-0.6331346,1.500605,359.9919
184.1778: 0.02344918,-0.6259491,1.500228,359.2644
184.4: 0.01921185,-0.6231784,1.500493,359.1089
184.6222: 0.01669357,-0.6250849,1.499964,359.0413
184.8445: 0.01635668,-0.6283985,1.499486,358.9287
185.0667: 0.01782516,-0.630321,1.499293,358.9617
185.2889: 0.02105599,-0.6310706,1.499698,359.122
Learning Tutorial: user selects target -1 position
185.5111: 0.02494913,-0.6317539,1.499577,359.9227
185.7333: 0.0268808,-0.6342325,1.499934,359.9632
185.9556: 0.02622596,-0.6385139,1.500876,357.966
186.1778: 0.02729348,-0.6429967,1.501261,357.99
186.4: 0.02882115,-0.6454747,1.501371,358.7338
186.6222: 0.03028698,-0.6461981,1.501272,359.3079
186.8445: 0.0317295,-0.6452525,1.501433,359.8874
187.0667: 0.03228368,-0.6445941,1.500842,359.5866
187.2889: 0.0330558,-0.6474538,1.500414,359.8517
187.5111: 0.02759695,-0.6550764,1.49987,359.6941
187.7333: 0.02262181,-0.6612387,1.499599,357.4383
187.9556: 0.01972709,-0.6643184,1.497246,357.1962
188.1778: 0.01900762,-0.6663186,1.499011,357.8137
188.4: 0.01898273,-0.6686099,1.500256,357.5902
188.6222: 0.01974895,-0.6713967,1.50118,357.2559
188.8445: 0.02374514,-0.6729281,1.50097,357.8273
189.0667: 0.02963537,-0.6703458,1.501487,358.6818
189.2889: 0.03412422,-0.6659567,1.502558,359.4507
189.5111: 0.03629854,-0.6614558,1.503808,359.086
189.7333: 0.03917841,-0.6557564,1.505191,358.3841
189.9556: 0.04068112,-0.6506764,1.502893,359.6593
190.1778: 0.04033595,-0.6500455,1.502303,359.2859
190.4: 0.04068141,-0.6519009,1.501819,359.8772
190.6222: 0.04037664,-0.6539465,1.501162,0.6680872
190.8445: 0.03877245,-0.6530088,1.500814,0.3923971
191.0667: 0.03737281,-0.6498064,1.500528,359.9772
191.2889: 0.03736279,-0.646539,1.500434,359.8471
191.5111: 0.03735939,-0.6448833,1.500429,359.9921
Learning Tutorial: user selects target -1 position
191.7333: 0.03666227,-0.6455662,1.50045,359.9224
191.9556: 0.03547722,-0.6460226,1.501166,359.4928
192.1778: 0.0344104,-0.6477252,1.501539,358.5824
192.4: 0.03248921,-0.6487491,1.502166,356.5963
192.6222: 0.03151812,-0.6490687,1.50259,355.7596
192.8445: 0.03293358,-0.6497078,1.50323,356.4286
193.0667: 0.0339023,-0.6504967,1.503472,357.2426
193.2889: 0.0344566,-0.6525152,1.50349,357.5876
193.5111: 0.03461297,-0.6531175,1.503313,357.7697
193.7333: 0.03521602,-0.6533074,1.503702,357.8967
193.9556: 0.03547618,-0.6530155,1.503187,357.9826
194.1778: 0.03460846,-0.6528969,1.503036,358.154
194.4: 0.03282984,-0.6536257,1.503052,358.0204
194.6222: 0.03119526,-0.6544818,1.503143,357.7246
194.8445: 0.02965613,-0.655082,1.503099,357.6384
195.0667: 0.02848949,-0.6557347,1.503578,357.5856
195.2889: 0.02798596,-0.6557221,1.503278,357.7824
195.5111: 0.02710447,-0.6554335,1.503165,357.6443
195.7333: 0.02644586,-0.6551099,1.503271,357.506
195.9556: 0.02603908,-0.6554968,1.503594,357.6896
196.1778: 0.02710078,-0.6567132,1.503591,357.8334
196.4: 0.0275996,-0.6583179,1.503738,357.9702
196.6222: 0.02762399,-0.6612875,1.503969,358.0853
196.8445: 0.02764249,-0.6625633,1.503713,358.1197
197.0667: 0.02808642,-0.6632699,1.503537,358.3331
197.2889: 0.02790634,-0.663168,1.503404,358.5241
197.5111: 0.02736588,-0.662837,1.503398,358.5871
197.7333: 0.02631306,-0.6625308,1.502955,358.7224
197.9556: 0.02630375,-0.661735,1.501813,359.03
198.1778: 0.02603535,-0.6590791,1.5013,359.3325
198.4: 0.02199529,-0.6610969,1.500378,358.6852
198.6222: 0.01943323,-0.6642973,1.5006,358.4864
198.8445: 0.01880984,-0.6649258,1.500185,359.1911
199.0667: 0.01965944,-0.6647059,1.500166,359.4274
199.2889: 0.0220345,-0.6648676,1.500274,359.1111
199.5111: 0.02679809,-0.665803,1.500499,359.1245
199.7333: 0.03050407,-0.6654097,1.502263,359.3323
199.9556: 0.03334767,-0.6642555,1.502607,358.8039
200.1778: 0.03524578,-0.6609682,1.501586,358.7358
200.4: 0.03372958,-0.6589977,1.500765,358.0257
200.6222: 0.03192922,-0.6572769,1.500598,357.8427
200.8445: 0.03131038,-0.6562753,1.500383,358.3871
201.0667: 0.03101535,-0.6568574,1.500711,358.8558
201.2889: 0.03069891,-0.6579812,1.500066,359.4537
201.5111: 0.02903012,-0.6594937,1.49965,359.5099
201.7333: 0.02473448,-0.662129,1.498515,359.5876
201.9556: 0.02004221,-0.6648549,1.497187,0.06509264
202.1778: 0.01679884,-0.6668389,1.495769,1.158689
202.4: 0.01545799,-0.6692544,1.49509,1.868638
202.6222: 0.01604584,-0.669257,1.493061,2.090851
202.8445: 0.02030346,-0.6656191,1.476315,4.589458
203.0667: 0.02785241,-0.6606117,1.450094,9.206235
203.2889: 0.03273857,-0.6555427,1.411988,15.94928
203.5111: 0.02646014,-0.6539105,1.416271,16.77992
203.7333: 0.03621776,-0.6377406,1.418274,11.75095
203.9556: 0.03090394,-0.5909059,1.415596,5.222672
204.1778: 0.002595351,-0.5183761,1.414835,1.701182
204.4: -0.01180915,-0.4392968,1.431032,0.05590128
204.6222: 0.006129785,-0.3516425,1.451345,358.7005
204.8445: 0.03697043,-0.2804597,1.475292,356.4495
205.0667: 0.03939857,-0.2230077,1.499576,355.3829
205.2889: 0.01621793,-0.1669456,1.507214,356.2055
205.5111: 0.003635231,-0.1204389,1.512139,358.2616
205.7333: 0.0255678,-0.08952579,1.510715,358.8591
205.9556: 0.04828401,-0.06869639,1.505607,358.4233
206.1778: 0.04597314,-0.05180548,1.507185,358.8488
206.4: 0.03156772,-0.03819945,1.512631,0.91537
206.6222: 0.02158418,-0.03238176,1.511134,1.049667
206.8445: 0.01563727,-0.02994886,1.508679,358.8512
207.0667: 0.02125188,-0.02813096,1.507019,358.7681
207.2889: 0.03137882,-0.02465547,1.505168,359.0039
207.5111: 0.03793815,-0.02022768,1.504028,358.5733
207.7333: 0.04334262,-0.01667304,1.504245,358.3249
Learning Tutorial: user starts reading map for 4 seconds
207.9556: 0.04665103,-0.01311193,1.503529,358.4992
208.1778: 0.04707427,-0.01037197,1.504163,358.6175
208.4: 0.0447641,-0.01063304,1.505942,358.7607
208.6222: 0.04153512,-0.01319312,1.509161,358.3005
208.8445: 0.04052277,-0.01620334,1.508329,358.9265
209.0667: 0.04010265,-0.01934711,1.508089,359.4207
209.2889: 0.04052526,-0.02115993,1.507702,359.7617
209.5111: 0.04119276,-0.02188471,1.507855,359.7804
209.7333: 0.04071757,-0.02105599,1.508077,359.25
209.9556: 0.04128752,-0.02011109,1.507965,359.2878
210.1778: 0.0426897,-0.01964977,1.508256,359.8753
210.4: 0.04307178,-0.01892751,1.507962,0.03112523
210.6222: 0.04266518,-0.0172208,1.507133,359.9864
210.8445: 0.04396747,-0.01529609,1.507416,1.756611
211.0667: 0.04553151,-0.01463396,1.509396,4.959097
211.2889: 0.05663718,-0.01702508,1.512774,15.97957
211.5111: 0.05360725,-0.015652,1.510305,13.94036
211.7333: 0.04947685,-0.01427634,1.5101,11.57698
211.9556: 0.04777296,-0.01404182,1.510134,11.6228
212.1778: 0.04524303,-0.01209047,1.509866,11.64613
212.4: 0.04351044,-0.01113551,1.509724,13.34761
212.6222: 0.042036,-0.01093932,1.509802,15.33158
212.8445: 0.05660674,-0.01882767,1.515881,32.07351
213.0667: 0.08200192,-0.05816215,1.519391,72.80298
213.2889: 0.0823045,-0.09675182,1.515521,105.2871
213.5111: 0.1030146,-0.09819138,1.516664,103.3155
213.7333: 0.1572484,-0.0987176,1.514433,91.90491
213.9556: 0.2325098,-0.117792,1.504166,89.5584
214.1778: 0.3274152,-0.1187048,1.509995,92.07805
214.4: 0.4477611,-0.08577537,1.490492,92.02614
214.6222: 0.5808287,-0.04363598,1.512423,91.41003
214.8445: 0.7161293,-0.03416271,1.518778,91.30669
215.0667: 0.8573131,-0.06344438,1.499344,89.31547
215.2889: 0.9988395,-0.09917254,1.519917,86.74502
215.5111: 1.149271,-0.109426,1.516665,85.58781
215.7333: 1.316112,-0.08446936,1.504937,84.17165
215.9556: 1.474064,-0.07119766,1.541888,81.38225
216.1778: 1.610556,-0.08634512,1.531729,80.35515
216.4: 1.716558,-0.1034728,1.537493,76.27365
216.6222: 1.803166,-0.09507692,1.544722,73.93105
216.8445: 1.864013,-0.08027789,1.545086,73.04528
217.0667: 1.896021,-0.08999386,1.545919,68.93819
217.2889: 1.899755,-0.1027035,1.545862,61.44999
217.5111: 1.891352,-0.1015942,1.545538,59.52595
217.7333: 1.883437,-0.0968951,1.546329,58.47124
217.9556: 1.878874,-0.09545115,1.546021,58.29675
218.1778: 1.877149,-0.09613991,1.542459,56.58088
218.4: 1.875232,-0.1000228,1.542685,54.66629
218.6222: 1.875165,-0.1036007,1.542437,51.83885
218.8445: 1.875765,-0.1039071,1.540894,49.44832
219.0667: 1.875177,-0.1016384,1.539801,47.2504
Learning Tutorial: user selects target 0 position
219.2889: 1.875512,-0.1020117,1.539552,46.35259
219.5111: 1.87478,-0.1066733,1.538165,43.83417
219.7333: 1.869406,-0.1038636,1.541123,29.70956
219.9556: 1.83203,-0.088666,1.539782,358.8803
220.1778: 1.76757,-0.08031775,1.534717,331.9437
220.4: 1.727039,-0.07260643,1.535104,318.1092
220.6222: 1.727164,-0.05963621,1.527888,312.3631
220.8445: 1.70794,-0.04382624,1.522317,309.0872
221.0667: 1.639183,-0.04700281,1.510431,308.8587
221.2889: 1.517602,-0.08847544,1.499295,304.8537
221.5111: 1.386424,-0.1161533,1.508007,298.7568
221.7333: 1.263056,-0.117246,1.496934,292.1115
221.9556: 1.1426,-0.09620981,1.490345,286.3241
222.1778: 1.016417,-0.08973391,1.497707,284.1516
222.4: 0.8698942,-0.1147534,1.470581,284.9683
222.6222: 0.6970945,-0.1654301,1.480715,289.491
222.8445: 0.5364276,-0.17934,1.509826,299.3202
223.0667: 0.4076524,-0.1434945,1.494341,322.5762
223.2889: 0.2964156,-0.09126406,1.494552,342.3903
223.5111: 0.1924999,-0.07136558,1.512212,348.8694
223.7333: 0.08980891,-0.06730679,1.501951,353.4655
223.9556: -0.01040866,-0.07426574,1.50461,359.5031
224.1778: -0.08209391,-0.07454148,1.506024,2.515269
224.4: -0.1199913,-0.05956081,1.50743,5.271768
224.6222: -0.1174611,-0.0295438,1.507899,5.185751
224.8445: -0.09617548,0.00260307,1.507378,1.078839
225.0667: -0.09670512,0.0166909,1.508187,1.142437
225.2889: -0.1160717,0.02300321,1.509114,1.321704
225.5111: -0.132362,0.02970687,1.506156,359.7469
225.7333: -0.1370498,0.03327101,1.505526,359.9895
225.9556: -0.1371347,0.03278803,1.505523,0.006053244
226.1778: -0.1344652,0.02766252,1.50583,1.398815
226.4: -0.1332975,0.02006044,1.5066,1.153141
226.6222: -0.1340951,0.0143175,1.506836,0.6712014
226.8445: -0.1353227,0.01288531,1.507132,0.9596121
227.0667: -0.1365545,0.01369531,1.508063,1.015116
227.2889: -0.1364142,0.01459769,1.507528,0.5732048
227.5111: -0.1352128,0.0157842,1.506574,0.1503872
227.7333: -0.1342521,0.01745914,1.505475,359.9265
227.9556: -0.1332395,0.0193281,1.505514,359.808
Learning Tutorial: user starts reading map for 4 seconds
228.1778: -0.1327059,0.02083676,1.505756,359.547
228.4: -0.1290575,0.02195913,1.50686,0.1583082
228.6222: -0.1246146,0.02222428,1.509066,1.141977
228.8445: -0.1219167,0.02007334,1.510609,1.802744
229.0667: -0.1221442,0.01879411,1.512259,0.5842025
229.2889: -0.120601,0.01708947,1.512809,359.2636
229.5111: -0.1191612,0.01556621,1.51289,358.0526
229.7333: -0.1191593,0.01466879,1.512434,356.9461
229.9556: -0.1193409,0.01366452,1.512356,357.0138
230.1778: -0.1206108,0.01125762,1.512208,356.4102
230.4: -0.1226257,0.009381223,1.512493,355.7414
230.6222: -0.1237298,0.008570832,1.5124,354.9468
230.8445: -0.1224135,0.007658436,1.51276,355.5022
231.0667: -0.120649,0.007659312,1.51231,356.584
231.2889: -0.1193734,0.008520388,1.512523,358.066
231.5111: -0.1190545,0.009589368,1.514204,358.9123
231.7333: -0.1194894,0.01061988,1.514355,358.8725
231.9556: -0.1200684,0.01236639,1.514551,358.2893
232.1778: -0.1183521,0.01343962,1.514715,357.8145
232.4: -0.1163875,0.01280869,1.515025,357.5466
232.6222: -0.1144065,0.009686638,1.515137,357.1995
232.8445: -0.1107292,0.006450282,1.514936,356.5594
233.0667: -0.1032851,0.002886784,1.516065,355.0818
233.2889: -0.1060286,0.003801182,1.520164,343.4701
233.5111: -0.1419498,-0.003780403,1.520585,315.8055
233.7333: -0.1988769,-0.03833859,1.518258,278.2041
233.9556: -0.2349458,-0.05215167,1.520902,263.0051
234.1778: -0.2565762,-0.01702673,1.524413,272.9231
234.4: -0.2893966,0.02894275,1.512646,277.6085
234.6222: -0.3724048,0.06395958,1.499845,280.4814
234.8445: -0.4949898,0.0836602,1.482898,283.7957
235.0667: -0.6267424,0.1080461,1.503916,285.0744
235.2889: -0.7583218,0.1566297,1.490398,287.6653
235.5111: -0.9033278,0.2435014,1.470868,287.9608
235.7333: -1.065256,0.321576,1.501001,287.8072
235.9556: -1.239494,0.3678401,1.48237,285.7699
236.1778: -1.434944,0.3872742,1.482494,286.2139
236.4: -1.610507,0.4147304,1.508399,285.9131
236.6222: -1.768135,0.4684066,1.488856,285.3947
236.8445: -1.92451,0.544781,1.489953,284.5228
237.0667: -2.071356,0.5903158,1.510501,285.2748
237.2889: -2.197269,0.6056049,1.495138,287.3429
237.5111: -2.281892,0.612775,1.513351,289.8237
Learning Tutorial: user selects target 1 position
237.7333: -2.305036,0.6210928,1.509603,289.959
237.9556: -2.305185,0.6300001,1.507783,291.9884
238.1778: -2.305173,0.6439266,1.506775,295.8197
238.4: -2.300799,0.6608049,1.500345,316.72
238.6222: -2.283512,0.6601371,1.499164,1.435712
238.8445: -2.253796,0.6248796,1.501728,44.90359
239.0667: -2.220973,0.5949778,1.49865,58.25734
239.2889: -2.15413,0.5689772,1.49805,56.36255
239.5111: -2.06477,0.5432932,1.486044,55.86097
239.7333: -1.969512,0.5405848,1.483548,59.25563
239.9556: -1.86926,0.5636808,1.476371,65.48995
240.1778: -1.767295,0.5796222,1.487448,65.01495
240.4: -1.659265,0.5536916,1.484863,61.77692
240.6222: -1.531958,0.4717124,1.475252,63.98118
240.8445: -1.395154,0.3667093,1.482375,85.83036
241.0667: -1.251899,0.2951534,1.468184,96.54642
241.2889: -1.076002,0.2537362,1.453262,101.3678
241.5111: -0.9134723,0.2122632,1.489936,100.2591
241.7333: -0.767084,0.1484536,1.490747,99.2151
241.9556: -0.6386284,0.06082866,1.47623,94.29404
242.1778: -0.4923283,-0.01875405,1.504195,87.82233
242.4: -0.3683137,-0.04758181,1.498436,78.23104
242.6222: -0.2791966,-0.05459747,1.502008,64.8805
242.8445: -0.2182491,-0.08341608,1.513419,42.94979
243.0667: -0.1551472,-0.1397668,1.509412,20.21032
243.2889: -0.09489974,-0.1836001,1.514798,9.675584
243.5111: -0.05731176,-0.1978049,1.515476,3.897647
243.7333: -0.04499755,-0.1878199,1.514331,3.026917
243.9556: -0.04773597,-0.1775413,1.511706,3.458747
244.1778: -0.04142928,-0.1738476,1.510493,1.843297
244.4: -0.01407078,-0.1668733,1.50674,358.4616
244.6222: 0.01626699,-0.1646715,1.505939,357.3088
244.8445: 0.03391019,-0.1663014,1.505376,357.6158
245.0667: 0.04117339,-0.1647348,1.504471,357.9287
245.2889: 0.04450689,-0.1664607,1.504035,358.1814
245.5111: 0.04614437,-0.1712671,1.505758,358.713
245.7333: 0.04986997,-0.1728095,1.506561,0.5445911
245.9556: 0.05130842,-0.1718347,1.509648,0.5603003
246.1778: 0.05536002,-0.1657483,1.51114,358.7462
246.4: 0.06696872,-0.1535816,1.511059,358.7163
246.6222: 0.07991208,-0.1480363,1.507341,358.9533
246.8445: 0.0894528,-0.1488835,1.505675,357.7074
247.0667: 0.08167802,-0.1452769,1.509197,358.9641
247.2889: 0.0706854,-0.1395281,1.512327,359.0266
247.5111: 0.06384692,-0.1323618,1.50842,358.5055
247.7333: 0.05948092,-0.1239252,1.508982,358.6378
247.9556: 0.05141528,-0.113299,1.508701,359.0356
Learning Tutorial: user starts reading map for 4 seconds
248.1778: 0.04217777,-0.1025589,1.510021,359.126
248.4: 0.04099317,-0.1005449,1.510546,359.1264
248.6222: 0.04548341,-0.1072192,1.511689,358.8605
248.8445: 0.05438114,-0.115001,1.514395,0.4841101
249.0667: 0.06271181,-0.1204223,1.514626,2.191168
249.2889: 0.06668335,-0.1217568,1.514455,2.127572
249.5111: 0.06805697,-0.1219957,1.514404,2.031602
249.7333: 0.06782085,-0.122918,1.514038,2.165224
249.9556: 0.06684771,-0.1241671,1.513958,2.142941
250.1778: 0.06565331,-0.1246521,1.513808,1.858213
250.4: 0.06582915,-0.1238263,1.514123,1.740176
250.6222: 0.06596362,-0.1211466,1.513741,1.802645
250.8445: 0.06578691,-0.1177314,1.513506,2.078005
251.0667: 0.06453007,-0.1157722,1.513205,2.019731
251.2889: 0.06343454,-0.1152069,1.513777,1.881647
251.5111: 0.06357513,-0.1162727,1.513745,1.777438
251.7333: 0.06429958,-0.1172353,1.514261,1.951815
251.9556: 0.06537409,-0.1190033,1.514527,2.235636
252.1778: 0.06658126,-0.1221482,1.514886,2.956624
252.4: 0.06640084,-0.1251338,1.514761,3.42259
252.6222: 0.0658754,-0.1260133,1.514892,4.115459
252.8445: 0.0652853,-0.1260967,1.516331,4.474649
253.0667: 0.06224177,-0.1231851,1.515887,4.149729
253.2889: 0.05114268,-0.1139803,1.516673,3.103677
253.5111: 0.03364659,-0.1006845,1.51502,2.832182
253.7333: 0.01857958,-0.08401571,1.511505,4.089825
253.9556: 0.02398707,-0.05157289,1.512368,7.813086
254.1778: 0.04932887,0.01165267,1.503185,8.631828
254.4: 0.09494266,0.09890075,1.495131,7.664051
254.6222: 0.1259537,0.2018457,1.51264,9.272731
254.8445: 0.1290757,0.3254958,1.506719,8.378335
255.0667: 0.1066512,0.4641492,1.505898,8.100137
255.2889: 0.09839711,0.5872617,1.522455,7.438246
255.5111: 0.1174677,0.7037972,1.518111,8.747501
255.7333: 0.1574136,0.809864,1.517669,8.913222
255.9556: 0.181598,0.9038542,1.5292,8.606116
256.1778: 0.1805534,1.004657,1.521866,9.136764
256.4: 0.1619489,1.109314,1.525766,10.9906
256.6222: 0.1575586,1.185627,1.53548,11.73575
Learning Tutorial: user selects target 2 position
256.8445: 0.1733957,1.230119,1.534227,11.51079
257.0667: 0.1912848,1.242115,1.53322,8.251358
257.2889: 0.1914652,1.23551,1.532615,359.0393
257.5111: 0.1829609,1.219223,1.530541,345.099
257.7333: 0.1756124,1.197157,1.530065,342.9986
257.9556: 0.1436829,1.152564,1.524379,349.2899
258.1778: 0.09428231,1.093402,1.523407,353.296
258.4: 0.06888701,1.031494,1.526153,358.2986
258.6222: 0.06945974,0.9484338,1.519966,1.325166
258.8445: 0.09103155,0.8515396,1.509637,356.4856
259.0667: 0.09754948,0.7609066,1.518486,354.4694
259.2889: 0.07517274,0.6729271,1.517003,357.3605
259.5111: 0.02783965,0.5897115,1.509791,2.243035
259.7333: -0.003433648,0.5068169,1.51717,5.479033
259.9556: -0.004170238,0.4322401,1.513572,5.590901
260.1778: 0.01469153,0.3629864,1.505575,3.829436
260.4: 0.02463344,0.2979291,1.505918,2.476981
260.6222: 0.004770749,0.2385256,1.5062,2.094215
260.8445: -0.04136648,0.1878762,1.50226,4.505385
261.0667: -0.08324578,0.1437252,1.499545,6.663882
261.2889: -0.09699764,0.0912093,1.499046,8.44999
261.5111: -0.08190525,0.02611337,1.497487,6.927176
261.7333: -0.04844603,-0.03891916,1.49549,4.996212
261.9556: -0.01942708,-0.08909269,1.494989,3.076825
262.1778: -0.01663963,-0.118998,1.496364,1.423119
262.4: -0.03437147,-0.1287556,1.501495,1.910312
262.6222: -0.05255175,-0.129115,1.503221,1.548548
262.8445: -0.04730558,-0.1342131,1.503863,1.707592
263.0667: -0.03243069,-0.1443902,1.504499,0.9613858
263.2889: -0.02481085,-0.1529702,1.504705,0.4681255
263.5111: -0.02581093,-0.1580488,1.505085,359.6527
263.7333: -0.026543,-0.1600297,1.506568,359.9001
263.9556: -0.02535816,-0.1588574,1.506681,-0.0001584038
264.1778: -0.02128773,-0.1590183,1.505633,0.1610588
264.4: -0.01665557,-0.1604907,1.505859,0.4172134
264.6222: -0.01640086,-0.1627965,1.502311,0.7920139
264.8445: -0.01825177,-0.1694589,1.500738,359.1094
265.0667: -0.01800226,-0.1762578,1.498406,359.0146
265.2889: -0.01717588,-0.1779152,1.50029,359.9361
265.5111: -0.01554958,-0.1755397,1.50107,0.1529271
265.7333: -0.0168932,-0.175676,1.50321,359.053
Learning Tutorial: user starts reading map for 4 seconds
265.9556: -0.01822875,-0.1750914,1.502924,359.189
266.1778: -0.01925671,-0.1702963,1.502,358.9072
266.4: -0.01985558,-0.1643629,1.504591,359.3175
266.6222: -0.02138047,-0.1614475,1.507742,358.4951
266.8445: -0.02331998,-0.1620126,1.510516,355.4822
267.0667: -0.0200875,-0.165161,1.513962,353.8454
267.2889: -0.01677951,-0.1685309,1.514039,354.7528
267.5111: -0.01809133,-0.1688677,1.513048,354.1261
267.7333: -0.0204568,-0.1676544,1.513168,353.9696
267.9556: -0.02146251,-0.1665989,1.513391,354.3106
268.1778: -0.02098477,-0.1647152,1.513636,355.2351
268.4: -0.0197399,-0.1625606,1.512859,356.7694
268.6222: -0.01802392,-0.1598789,1.512101,358.1754
268.8445: -0.01685349,-0.1567424,1.512571,358.7903
269.0667: -0.008331278,-0.1503692,1.514957,1.301213
269.2889: 0.02361316,-0.1469534,1.509925,14.65313
269.5111: 0.06333663,-0.1503901,1.506976,43.88887
269.7333: 0.07887268,-0.1703497,1.508354,90.90169
269.9556: 0.04918154,-0.187326,1.505384,130.2537
270.1778: 0.03771417,-0.1952704,1.5016,139.7102
270.4: 0.0438378,-0.2372473,1.497861,144.6275
270.6222: 0.06180964,-0.3183942,1.49285,149.3015
270.8445: 0.08353338,-0.4331765,1.487593,156.6742
271.0667: 0.133864,-0.5512673,1.488547,161.8472
271.2889: 0.2203779,-0.6683817,1.466173,162.2689
271.5111: 0.3101045,-0.7814384,1.482233,162.7705
271.7333: 0.353559,-0.9004487,1.494555,164.9437
271.9556: 0.3628959,-1.027677,1.481391,166.0905
272.1778: 0.3629501,-1.152942,1.49378,166.0299
272.4: 0.3910784,-1.265832,1.49323,165.875
272.6222: 0.4501941,-1.368139,1.480952,166.2066
272.8445: 0.5004031,-1.456079,1.491909,165.5062
273.0667: 0.5188744,-1.541392,1.493358,165.5436
273.2889: 0.5109823,-1.613876,1.49179,163.3448
Learning Tutorial: user selects target 3 position
273.5111: 0.4991142,-1.657616,1.492004,162.3635
273.7333: 0.4910404,-1.679345,1.491073,160.194
273.9556: 0.5012341,-1.681036,1.493413,151.4852
274.1778: 0.5304613,-1.651125,1.496353,134.34
274.4: 0.5572649,-1.579226,1.493228,87.23547
274.6222: 0.5330794,-1.543701,1.497793,38.50266
274.8445: 0.5058863,-1.546839,1.497373,14.97444
275.0667: 0.4641096,-1.524539,1.493905,2.411319
275.2889: 0.3941136,-1.467958,1.483746,356.3286
275.5111: 0.3220961,-1.398926,1.485354,352.5112
275.7333: 0.2810563,-1.311107,1.485203,352.0612
275.9556: 0.2653914,-1.18743,1.469445,352.8047
276.1778: 0.258238,-1.04866,1.47558,352.9957
276.4: 0.2240563,-0.931418,1.488338,354.577
276.6222: 0.1474183,-0.8195455,1.465911,355.9828
276.8445: 0.05077139,-0.7124748,1.49034,355.9867
277.0667: -0.01047275,-0.6036099,1.503257,356.1523
277.2889: -0.034746,-0.4891855,1.491549,357.979
277.5111: -0.0370024,-0.3711556,1.495183,359.8165
277.7333: -0.04942177,-0.2788608,1.506337,3.207871
277.9556: -0.08274303,-0.2008607,1.503791,4.336186
278.1778: -0.1057189,-0.1408205,1.50783,6.182749
Learning Tutorial: user starts reading map for 4 seconds
278.4: -0.09930485,-0.09912449,1.510705,7.226278
278.6222: -0.07759533,-0.06404158,1.510846,4.826235
278.8445: -0.05434932,-0.04153273,1.510889,2.393244
279.0667: -0.05109725,-0.02014655,1.515437,0.065037
279.2889: -0.06243175,-0.009131132,1.51974,358.3362
279.5111: -0.06433395,-0.01006097,1.519768,357.7515
279.7333: -0.05948598,-0.01616377,1.518839,357.7259
279.9556: -0.05512705,-0.01634145,1.518892,356.6531
280.1778: -0.05135937,-0.01082922,1.517251,356.4638
280.4: -0.04990157,-0.002112384,1.516481,356.2898
280.6222: -0.05165122,0.006614369,1.51463,356.0573
280.8445: -0.05369569,0.01108035,1.513311,355.562
281.0667: -0.05463218,0.0121157,1.513177,354.5657
281.2889: -0.05380627,0.01247791,1.513413,354.0767
281.5111: -0.05129198,0.01178034,1.514615,354.6219
281.7333: -0.04937477,0.01001451,1.514846,354.7849
281.9556: -0.051318,0.01074007,1.515381,350.9322
282.1778: -0.05748844,0.01854138,1.509569,345.1744
282.4: -0.07877574,0.03952627,1.507231,341.3547
282.6222: -0.1258872,0.07872533,1.500294,340.4689
282.8445: -0.2097139,0.1381221,1.490931,341.2893
283.0667: -0.2992623,0.2063808,1.505453,340.8135
283.2889: -0.3675138,0.2886442,1.505969,342.5435
283.5111: -0.4157161,0.4007094,1.492373,342.2153
283.7333: -0.4476423,0.5156201,1.503463,339.1158
283.9556: -0.5014758,0.6339899,1.510082,338.9693
284.1778: -0.5863492,0.7513661,1.492769,342.1595
284.4: -0.6559144,0.8585123,1.512926,342.9585
284.6222: -0.6804663,0.9555526,1.51625,344.7372
284.8445: -0.6759997,1.041584,1.514047,344.6111
285.0667: -0.6863643,1.108755,1.520242,344.1709
Learning Tutorial: user selects target 4 position
285.2889: -0.713605,1.156155,1.520395,343.5883
285.5111: -0.7407591,1.185796,1.526596,347.1326
285.7333: -0.7348926,1.19671,1.526311,11.55287
285.9556: -0.7336518,1.182844,1.520581,31.58878
286.1778: -0.7382081,1.17308,1.518892,35.62838
286.4: -0.7309867,1.140921,1.520173,35.14334
286.6222: -0.6998388,1.082641,1.517192,30.12519
286.8445: -0.6271339,0.9933864,1.509351,24.94097
287.0667: -0.5372801,0.9109018,1.512957,28.36288
287.2889: -0.4424882,0.859513,1.509462,36.07552
287.5111: -0.3493483,0.8440849,1.49525,43.92899
287.7333: -0.2803241,0.8340584,1.512294,39.72289
287.9556: -0.2378249,0.8112191,1.522546,29.04893
288.1778: -0.1925932,0.7649329,1.518829,17.68796
288.4: -0.1265927,0.6855782,1.514813,4.651697
288.6222: -0.08574548,0.6153718,1.521478,1.237423
288.8445: -0.08575433,0.5513686,1.51963,2.682082
289.0667: -0.10466,0.4845271,1.522258,5.41471
289.2889: -0.09300928,0.4159583,1.520521,5.430794
289.5111: -0.04934745,0.3494952,1.515081,2.497027
289.7333: -0.005089718,0.293945,1.513011,1.494676
289.9556: -0.003523007,0.2468419,1.511657,3.147918
290.1778: -0.02436248,0.2164914,1.515092,6.472366
290.4: -0.02097832,0.1801829,1.514352,6.439241
290.6222: 0.01430795,0.148697,1.508662,2.882271
290.8445: 0.07011282,0.1225574,1.507024,1.04213
291.0667: 0.1062914,0.1043526,1.50606,359.6039
291.2889: 0.1124418,0.08973292,1.507712,359.4566
291.5111: 0.09986363,0.08175904,1.508477,0.8578594
291.7333: 0.09564111,0.06814766,1.505771,1.774869
291.9556: 0.114585,0.04444607,1.505145,359.3401
292.1778: 0.1397396,0.01716265,1.50634,356.4988
292.4: 0.1463349,-0.00866184,1.504122,357.2389
292.6222: 0.1283914,-0.03015487,1.503281,358.9471
292.8445: 0.107115,-0.0432292,1.501563,357.3302
293.0667: 0.09604262,-0.05349712,1.504674,358.6272
293.2889: 0.09340311,-0.06131977,1.50486,358.1785
293.5111: 0.09456474,-0.06745391,1.506042,357.3019
293.7333: 0.09758726,-0.06615214,1.509238,357.1976
293.9556: 0.09820396,-0.05954029,1.514913,355.7552
Trial Result: Success object: Learning Phase | Time Spent: -2.147484E+09
Trial No.:0 Ends
User starts reading map for 2 seconds.
Trial No.:15 Begins
311.0556: 0.02014248,-0.08133596,1.512755,357.3192
311.2778: 0.01812514,-0.07742667,1.513069,357.8316
311.5: 0.01287581,-0.06686139,1.513831,359.4043
311.7222: 0.008947497,-0.04851295,1.513582,5.905469
311.9445: 0.0115842,-0.02815016,1.511065,18.06504
312.1667: 0.02688509,-0.0007627695,1.509329,24.41862
312.3889: 0.06982321,0.03534432,1.507084,27.00642
312.6111: 0.1513423,0.08376486,1.499837,29.14402
312.8333: 0.2505873,0.143928,1.50731,31.98344
313.0556: 0.3333446,0.2205929,1.513425,34.67727
313.2778: 0.4008904,0.3295968,1.498344,36.61073
313.5: 0.4557052,0.4513445,1.51192,37.74549
313.7222: 0.514748,0.5441362,1.526253,37.80088
313.9445: 0.5819206,0.6038755,1.523476,37.43816
314.1667: 0.6499466,0.6432047,1.530509,35.5886
Distance to Expected Destination: 0.9202955
Trial Result: Fail at object: Level15EndingPoint | Time Spent: 3.365398
Trial No.:15 Ends
User starts reading map for 2 seconds.
Trial No.:26 Begins
322.9333: 0.03226937,-0.254848,1.509242,357.0768
323.1556: 0.0337733,-0.2546658,1.509788,356.6821
323.3778: 0.04797619,-0.2517151,1.516398,358.3033
323.6: 0.08046082,-0.2472487,1.512231,7.179502
323.8222: 0.112493,-0.2403385,1.514648,31.44159
324.0445: 0.1339699,-0.251487,1.516046,75.03061
324.2667: 0.1261791,-0.28451,1.508818,111.1815
324.4889: 0.1254085,-0.3228839,1.507827,124.6446
324.7111: 0.1425124,-0.3914878,1.504884,133.7453
324.9333: 0.1870525,-0.4864584,1.499551,135.6959
325.1556: 0.2465155,-0.5746655,1.499732,137.8314
325.3778: 0.3331318,-0.6502079,1.491772,139.5925
325.6: 0.4313139,-0.7073779,1.489305,143.1703
325.8222: 0.4997672,-0.7734786,1.50383,144.3685
326.0445: 0.54761,-0.8640716,1.498035,143.4521
326.2667: 0.5823845,-0.9795488,1.497468,142.7737
Distance to Expected Destination: 1.187672
Trial Result: Fail at object: Level26EndingPoint | Time Spent: 3.676777
Trial No.:26 Ends
User starts reading map for 2 seconds.
Trial No.:7 Begins
334.5334: -0.05324716,-0.1073252,1.51356,2.679496
334.7556: -0.05055153,-0.1079735,1.514151,3.018405
334.9778: -0.0356481,-0.1056559,1.517316,8.440699
335.2: 0.008765768,-0.1077389,1.514346,29.93371
335.4222: 0.04153871,-0.1223679,1.517599,69.08779
335.6444: 0.05268997,-0.1322471,1.513528,97.83459
335.8667: 0.08222359,-0.1556033,1.509967,107.7936
336.0889: 0.1328728,-0.2314371,1.503055,117.1176
336.3111: 0.2079239,-0.3517303,1.494927,124.5884
336.5334: 0.2983055,-0.4628052,1.50221,129.9637
336.7556: 0.4115656,-0.5591705,1.488359,134.319
336.9778: 0.5354028,-0.6431217,1.48703,139.5567
337.2: 0.6380676,-0.7487152,1.506851,142.5143
337.4222: 0.7025659,-0.8717292,1.491208,143.7768
337.6444: 0.751325,-0.9985543,1.491822,141.5039
337.8667: 0.8135222,-1.094162,1.508572,141.1436
338.0889: 0.8867863,-1.159826,1.506516,141.4417
Distance to Expected Destination: 1.51315
Trial Result: Fail at object: Level7EndingPoint | Time Spent: 3.975613
Trial No.:7 Ends
User starts reading map for 2 seconds.
Trial No.:2 Begins
348.3445: 0.02971934,-0.1156927,1.518206,0.1257909
348.5667: 0.02636824,-0.1154592,1.518031,0.1399252
348.7889: 0.01543124,-0.1020158,1.517462,0.5234834
349.0111: -0.00580279,-0.06884129,1.510782,1.046181
349.2333: -0.01249084,-0.01034989,1.508381,2.723605
349.4556: -0.0001794761,0.0793463,1.493981,3.782317
349.6778: 0.02887354,0.190924,1.494068,3.325765
349.9: 0.0395698,0.3059071,1.512169,2.014258
350.1222: 0.02703241,0.4304273,1.50508,0.1310556
350.3445: -0.004561919,0.5697092,1.500456,0.6029642
350.5667: -0.01083518,0.7016792,1.523904,1.696016
350.7889: 0.01434851,0.8252374,1.518903,5.002589
351.0111: 0.06417122,0.9463528,1.515506,6.777147
351.2333: 0.09687334,1.058974,1.532586,8.640415
351.4556: 0.1008337,1.169034,1.530633,9.60674
Distance to Expected Destination: 1.217587
Trial Result: Fail at object: Level2EndingPoint | Time Spent: 3.452583
Trial No.:2 Ends
User starts reading map for 2 seconds.
Trial No.:6 Begins
360.2222: -0.02663633,-0.2030602,1.51412,357.9458
360.4445: -0.02603806,-0.2020985,1.513731,358.4457
360.6667: -0.02482665,-0.1966792,1.515265,359.8821
360.8889: -0.01187745,-0.1846189,1.514778,12.34107
361.1111: 0.001203997,-0.1736276,1.511804,28.31574
361.3333: 0.01881227,-0.1546807,1.509885,35.26651
361.5556: 0.07476169,-0.1233353,1.505953,37.48457
361.7778: 0.1685306,-0.08388007,1.497022,37.11094
362: 0.2570652,-0.03155455,1.508028,37.78247
362.2222: 0.3337889,0.04623764,1.508231,38.28667
362.4445: 0.3923386,0.1370433,1.507545,40.24958
362.6667: 0.4407641,0.2067431,1.52145,41.24234
362.8889: 0.4946707,0.253805,1.524886,41.17467
363.1111: 0.5514272,0.2844408,1.527606,39.12868
Distance to Expected Destination: 0.6258074
Trial Result: Success object: Level6EndingPoint | Time Spent: 3.143356
Trial No.:6 Ends
User starts reading map for 2 seconds.
Trial No.:8 Begins
369.4667: 0.06799792,-0.234052,1.513367,359.0691
369.6889: 0.06955805,-0.2357487,1.514401,359.4739
369.9111: 0.08343308,-0.2361343,1.516899,10.02712
370.1333: 0.1037696,-0.2377456,1.516418,28.3103
370.3556: 0.1216409,-0.2274696,1.513632,39.87392
370.5778: 0.1604166,-0.2032166,1.513287,45.27355
370.8: 0.2404247,-0.179175,1.505069,45.45809
371.0222: 0.35872,-0.1528771,1.498145,43.86235
371.2444: 0.4663342,-0.1071889,1.513039,45.89738
371.4667: 0.5656026,-0.03368429,1.504474,46.63811
371.6889: 0.6558404,0.06530023,1.504906,48.6813
371.9111: 0.7360265,0.1361127,1.528261,49.77169
Distance to Expected Destination: 0.8042179
Trial Result: Fail at object: Level8EndingPoint | Time Spent: 2.828465
Trial No.:8 Ends
User starts reading map for 2 seconds.
Trial No.:22 Begins
378.5889: -0.006794812,-0.1920284,1.515912,351.3184
378.8111: -0.008295465,-0.1930266,1.516479,351.8102
379.0334: 0.002063228,-0.1885734,1.517013,1.085842
379.2556: 0.0195968,-0.1806307,1.516027,18.88506
379.4778: 0.03765591,-0.169563,1.51408,38.91806
379.7: 0.07766144,-0.1549186,1.508816,52.84934
379.9222: 0.1566716,-0.1333514,1.500446,57.49463
380.1444: 0.2835527,-0.1167604,1.490969,60.22476
380.3667: 0.4113709,-0.08560514,1.504805,61.52434
380.5889: 0.5391618,-0.02605314,1.497684,61.46363
380.8111: 0.670483,0.0634421,1.494074,62.90486
381.0334: 0.8049796,0.1310125,1.522547,64.14191
381.2556: 0.9469703,0.1681059,1.516912,66.60452
381.4778: 1.110297,0.1883334,1.517473,66.47641
381.7: 1.26053,0.2307437,1.533358,65.69436
381.9222: 1.391058,0.2973782,1.516119,64.70865
382.1444: 1.511084,0.3633091,1.539953,63.96812
382.3667: 1.595431,0.3805883,1.549595,63.57558
Distance to Expected Destination: 1.649577
Trial Result: Fail at object: Level22EndingPoint | Time Spent: 4.053181
Trial No.:22 Ends
User starts reading map for 2 seconds.
Trial No.:36 Begins
390.4222: -0.1120776,-0.1768212,1.51466,359.2928
390.6444: -0.0997044,-0.170597,1.517801,0.6091008
390.8667: -0.06974054,-0.161622,1.514633,13.32489
391.0889: -0.0414229,-0.1637685,1.516614,50.55178
391.3111: -0.04942377,-0.1990381,1.513916,102.6881
391.5334: -0.06670941,-0.2328836,1.507128,131.7047
391.7556: -0.05750598,-0.2847609,1.503186,143.0002
391.9778: -0.02598433,-0.3743303,1.49438,146.5214
392.2: 0.02166115,-0.4895924,1.492575,146.6045
392.4222: 0.09396368,-0.6100131,1.496847,151.4193
392.6444: 0.1966555,-0.7291995,1.476241,155.2491
392.8667: 0.2842398,-0.8529683,1.502906,156.956
393.0889: 0.3356339,-0.986335,1.49607,158.2014
393.3111: 0.3608939,-1.131073,1.49086,156.2358
393.5334: 0.4089085,-1.27457,1.499741,154.702
393.7556: 0.4911551,-1.413553,1.472358,153.2952
393.9778: 0.5807246,-1.542967,1.489115,153.6623
394.2: 0.6368704,-1.664086,1.499984,153.0383
394.4222: 0.6600699,-1.779286,1.490837,151.4368
Distance to Expected Destination: 1.943764
Trial Result: Fail at object: Level36EndingPoint | Time Spent: 4.343666
Trial No.:36 Ends
User starts reading map for 2 seconds.
Trial No.:33 Begins
402.3333: -0.06636396,-0.08681747,1.516513,2.546353
402.5556: -0.0703214,-0.08062492,1.515943,2.628785
402.7778: -0.07265247,-0.06843029,1.516166,7.651525
403: -0.06666473,-0.05489357,1.515167,22.41431
403.2222: -0.0597711,-0.03940428,1.513404,31.6062
403.4445: -0.03365485,-0.01640255,1.510184,36.5906
403.6667: 0.02122106,0.01880478,1.50526,37.76529
403.8889: 0.1135343,0.06563515,1.499099,36.93655
404.1111: 0.2022983,0.1172265,1.511101,36.90502
404.3333: 0.2699411,0.1804922,1.513987,37.62421
404.5556: 0.330001,0.274258,1.502093,38.71206
404.7778: 0.3682392,0.3668339,1.513376,39.20573
Distance to Expected Destination: 0.5197761
Trial Result: Success object: Level33EndingPoint | Time Spent: 2.676987
Trial No.:33 Ends
User starts reading map for 2 seconds.
Trial No.:45 Begins
411.1889: 0.01234335,-0.08676225,1.515774,356.3458
411.4111: 0.01180414,-0.09099399,1.516474,355.352
411.6333: 0.004409902,-0.09473897,1.516851,349.0762
411.8556: -0.009940885,-0.09696487,1.513949,334.2575
412.0778: -0.01871154,-0.09228019,1.513138,323.6517
412.3: -0.02791749,-0.07467084,1.511392,320.7991
412.5222: -0.06444652,-0.05032576,1.507771,320.7886
412.7444: -0.1439958,-0.0178961,1.493251,321.8208
412.9667: -0.2457561,0.02487778,1.497637,320.3956
413.1889: -0.3272507,0.09452958,1.511513,318.9777
413.4111: -0.3947898,0.1957469,1.499121,319.028
413.6333: -0.4537549,0.3064084,1.499761,318.3793
413.8556: -0.5279021,0.3869088,1.512229,319.1201
414.0778: -0.6166214,0.4405066,1.506023,320.0688
414.3: -0.6867478,0.478168,1.515666,320.3485
Distance to Expected Destination: 0.8606203
Trial Result: Fail at object: Level45EndingPoint | Time Spent: 3.454754
Trial No.:45 Ends
User starts reading map for 2 seconds.
Trial No.:32 Begins
420.6667: 0.03352157,-0.09092568,1.518049,351.7715
420.8889: 0.03257553,-0.08995774,1.517793,351.4922
421.1111: 0.02872839,-0.07714824,1.517533,348.3055
421.3333: 0.01201884,-0.04156975,1.51311,340.7234
421.5556: -0.03010494,0.01723237,1.504665,338.1046
421.7778: -0.1205295,0.1029069,1.487063,338.1142
422: -0.2071617,0.1882149,1.503341,336.9047
422.2222: -0.2771245,0.2892684,1.505111,336.8289
422.4445: -0.3257548,0.4162819,1.4876,336.1264
422.6667: -0.3662495,0.5553582,1.504907,336.742
422.8889: -0.4291487,0.6845837,1.512793,338.3611
423.1111: -0.525329,0.8082855,1.494033,339.351
423.3333: -0.6170394,0.9324106,1.515197,338.9789
423.5556: -0.6765251,1.06062,1.512681,338.8949
423.7778: -0.709227,1.196158,1.507456,336.8842
424: -0.7528307,1.313254,1.52269,336.3442
424.2222: -0.8191502,1.419459,1.514254,337.0718
424.4445: -0.9014649,1.515579,1.522438,339.5123
424.6667: -0.9636389,1.584457,1.531678,339.0934
Distance to Expected Destination: 1.863892
Trial Result: Fail at object: Level32EndingPoint | Time Spent: 4.266354
Trial No.:32 Ends
User starts reading map for 2 seconds.
Trial No.:31 Begins
432.8667: 0.07640749,-0.1646,1.51714,354.8303
433.0889: 0.0739729,-0.1630812,1.517409,355.3143
433.3111: 0.08166426,-0.1582129,1.51696,5.153385
433.5334: 0.09774109,-0.148009,1.516219,19.60624
433.7556: 0.1185209,-0.1325772,1.512872,32.57632
433.9778: 0.1570331,-0.1182921,1.508513,42.3161
434.2: 0.2223572,-0.09534653,1.503288,46.7949
434.4222: 0.3205145,-0.05875628,1.49498,46.71608
434.6445: 0.4229713,-0.005435934,1.505131,44.86654
434.8667: 0.5112391,0.07187715,1.509234,45.58735
435.0889: 0.5953492,0.1731375,1.493362,48.70885
435.3111: 0.6743604,0.2650152,1.518214,51.9683
435.5334: 0.7476226,0.3232856,1.524835,54.28501
435.7556: 0.8349521,0.3629156,1.518502,53.1074
Distance to Expected Destination: 1.004686
435.9778: 0.9296557,0.3917825,1.52633,50.87595
Trial Result: Fail at object: Level31EndingPoint | Time Spent: 3.332718
Trial No.:31 Ends
User starts reading map for 2 seconds.
Trial No.:24 Begins
443.9667: -0.02424512,-0.05395342,1.514578,353.9064
444.1889: -0.02543319,-0.05469534,1.515216,353.0109
444.4111: -0.0325181,-0.05595627,1.515882,346.7432
444.6333: -0.04766471,-0.0559709,1.513974,332.8008
444.8556: -0.05854908,-0.0521813,1.511614,321.9792
445.0778: -0.07907715,-0.04220363,1.510378,316.6033
445.3: -0.1278374,-0.01285538,1.505908,318.2424
445.5222: -0.2092911,0.02676421,1.496921,323.1112
445.7444: -0.2905232,0.07805061,1.505637,325.1447
445.9667: -0.3534214,0.1482853,1.508505,325.7534
446.1889: -0.4050932,0.2454844,1.494936,324.2108
446.4111: -0.4528545,0.3577086,1.501576,323.2884
446.6333: -0.5128406,0.4509884,1.513091,323.9233
446.8556: -0.5851709,0.5172318,1.508662,324.9713
447.0778: -0.6444017,0.5580711,1.517674,326.3428
Distance to Expected Destination: 0.8524652
Trial Result: Fail at object: Level24EndingPoint | Time Spent: 3.343407
Trial No.:24 Ends
User starts reading map for 2 seconds.
Trial No.:34 Begins
453.5556: 0.03625616,-0.1067994,1.514146,353.1202
453.7778: 0.04363495,-0.1081883,1.517678,353.8589
454: 0.06600686,-0.1130249,1.513651,1.799307
454.2222: 0.08220536,-0.1167343,1.517321,26.14736
454.4445: 0.112468,-0.1519553,1.523764,69.38553
454.6667: 0.1422455,-0.2315714,1.51826,109.108
454.8889: 0.184668,-0.322378,1.508891,133.6006
455.1111: 0.2396809,-0.404786,1.501654,153.7667
455.3333: 0.3407742,-0.4711978,1.491514,160.6425
455.5556: 0.4407649,-0.5452901,1.494061,158.9562
455.7778: 0.4933765,-0.6528361,1.48874,159.6492
456: 0.5073655,-0.7971029,1.476509,160.3944
456.2222: 0.5257638,-0.9494743,1.495742,159.7177
456.4445: 0.5711362,-1.098632,1.483407,158.777
456.6667: 0.6562222,-1.252375,1.472759,159.9137
456.8889: 0.7274036,-1.399107,1.500691,156.8013
457.1111: 0.7610325,-1.54394,1.49591,154.1035
457.3333: 0.7658031,-1.684579,1.487115,151.5195
457.5556: 0.792101,-1.793768,1.497519,149.5612
457.7778: 0.8482778,-1.887149,1.487866,149.1934
458: 0.9157109,-1.962733,1.489462,150.6752
Distance to Expected Destination: 2.169721
Trial Result: Fail at object: Level34EndingPoint | Time Spent: 4.688709
Trial No.:34 Ends
User starts reading map for 2 seconds.
Trial No.:47 Begins
467.4889: -0.03086353,0.03487137,1.517291,7.94583
467.7111: -0.03172989,0.03691546,1.516963,6.132302
467.9333: -0.03169549,0.03755681,1.518699,5.38336
468.1556: -0.02317672,0.0396501,1.523292,13.34497
468.3778: 0.01677572,0.02404722,1.519061,47.90901
468.6: 0.06131754,-0.03061319,1.511043,92.65318
468.8222: 0.1117249,-0.09994079,1.507322,113.6882
469.0445: 0.1959709,-0.2176617,1.500845,121.7238
469.2667: 0.2724275,-0.3379849,1.495447,132.7156
469.4889: 0.3489197,-0.4374716,1.490538,144.4941
469.7111: 0.4639674,-0.5392271,1.465692,152.6335
469.9333: 0.574905,-0.6576214,1.497031,156.7221
470.1556: 0.6425905,-0.7988692,1.493081,160.2179
470.3778: 0.6672467,-0.9583558,1.465843,159.9004
470.6: 0.6955009,-1.132382,1.492949,158.5148
470.8222: 0.7593865,-1.294959,1.4856,154.6485
471.0445: 0.8592314,-1.443238,1.469936,151.787
471.2667: 0.9373301,-1.578566,1.498423,147.8522
471.4889: 0.990052,-1.712021,1.491566,144.8059
471.7111: 1.023187,-1.841163,1.492764,142.2817
Distance to Expected Destination: 2.164157
Trial Result: Fail at object: Level47EndingPoint | Time Spent: 4.598354
Trial No.:47 Ends
User starts reading map for 2 seconds.
Trial No.:20 Begins
484.4889: 0.03277508,0.0457182,1.518389,350.5618
484.7111: 0.03146235,0.04428675,1.518625,351.438
484.9333: 0.03462298,0.04787121,1.520323,356.012
485.1556: 0.05402941,0.05397104,1.520005,12.76609
485.3778: 0.07139976,0.0634701,1.518084,27.80837
485.6: 0.08503352,0.08663351,1.515428,36.33039
485.8222: 0.1228751,0.1248175,1.513584,40.27279
486.0445: 0.2050148,0.1782556,1.500778,40.99649
486.2667: 0.3195862,0.2427464,1.50401,40.02723
486.4889: 0.4233605,0.325224,1.517181,41.06754
486.7111: 0.5211452,0.4385889,1.493856,42.21112
486.9333: 0.6251388,0.5764425,1.510508,43.55995
487.1556: 0.7474658,0.6856663,1.529571,44.26624
487.3778: 0.8865329,0.7649016,1.516784,44.57744
487.6: 1.011947,0.8417567,1.53852,44.32867
487.8222: 1.12045,0.9373455,1.530905,43.05866
488.0445: 1.217166,1.052719,1.527289,42.96789
488.2667: 1.327195,1.148626,1.548856,42.56806
488.4889: 1.459507,1.225599,1.536059,42.1086
488.7111: 1.57781,1.294308,1.552335,41.98156
488.9333: 1.642604,1.36168,1.557856,41.78297
Distance to Expected Destination: 2.1793
Trial Result: Fail at object: Level20EndingPoint | Time Spent: 4.832432
Trial No.:20 Ends
User starts reading map for 2 seconds.
Trial No.:13 Begins
499.1667: -0.1079682,-0.1587356,1.517178,8.78072
499.3889: -0.1092457,-0.1543293,1.516735,5.493094
499.6111: -0.1056106,-0.1519041,1.517454,6.765185
499.8333: -0.08692086,-0.1559663,1.518101,25.00022
500.0556: -0.05486207,-0.1764729,1.514512,59.96397
500.2778: -0.02258321,-0.1983863,1.509253,88.41065
500.5: 0.0316276,-0.2149046,1.503589,100.3059
500.7222: 0.120777,-0.2516537,1.496475,101.9149
500.9445: 0.2412847,-0.2998331,1.492271,96.74939
501.1667: 0.3811662,-0.3131341,1.498719,89.83065
501.3889: 0.5445107,-0.2942567,1.474524,84.95996
501.6111: 0.7243524,-0.2502103,1.484145,83.96628
501.8333: 0.8951485,-0.244815,1.512571,82.15483
502.0556: 1.064542,-0.278581,1.488137,82.65211
502.2778: 1.247034,-0.3315697,1.502956,83.0679
502.5: 1.421247,-0.3456702,1.518882,82.9939
502.7222: 1.59513,-0.3184554,1.492301,81.54281
502.9445: 1.757598,-0.2855443,1.523493,80.6656
503.1667: 1.900375,-0.2772292,1.532262,78.69027
503.3889: 2.039133,-0.2939935,1.520559,74.95789
503.6111: 2.160638,-0.3014945,1.534689,72.98581
503.8333: 2.258775,-0.2759614,1.535524,72.43221
Distance to Expected Destination: 2.283031
Trial Result: Fail at object: Level13EndingPoint | Time Spent: 4.921207
Trial No.:13 Ends
User starts reading map for 2 seconds.
Trial No.:18 Begins
511.6445: -0.07288352,-0.1509379,1.512265,1.232889
511.8667: -0.07810326,-0.1503741,1.513314,359.5854
512.0889: -0.08632182,-0.1479919,1.514148,359.6083
512.3111: -0.09160336,-0.1432257,1.514678,7.140441
512.5333: -0.08373728,-0.1417502,1.506995,25.82196
512.7556: -0.06259151,-0.1426935,1.506282,41.76974
512.9778: -0.02421755,-0.1379039,1.508194,49.47205
513.2: 0.05007387,-0.1196964,1.50333,48.9511
513.4222: 0.1618759,-0.09386784,1.500819,47.95044
513.6445: 0.2835569,-0.06116148,1.507403,48.91016
513.8667: 0.3966919,-0.006766839,1.508264,49.15382
514.0889: 0.5036075,0.08295853,1.483032,49.33011
514.3111: 0.6100044,0.1994627,1.510493,51.162
514.5333: 0.7087499,0.2867226,1.528135,50.80211
514.7556: 0.8124895,0.3530365,1.51952,50.16134
514.9778: 0.9250351,0.4007597,1.520369,46.60005
515.2: 1.013455,0.4400375,1.53542,46.65364
Distance to Expected Destination: 1.130536
Trial Result: Fail at object: Level18EndingPoint | Time Spent: 3.865696
Trial No.:18 Ends
User starts reading map for 2 seconds.
Trial No.:3 Begins
523.3334: -0.01268858,-0.1426441,1.513395,359.2493
523.5555: -0.01208711,-0.1438965,1.514675,0.04465171
523.7778: 0.0003738133,-0.1504696,1.515498,10.94013
524: 0.02254188,-0.163212,1.514916,31.2618
524.2222: 0.04503779,-0.1726362,1.511587,51.28093
524.4445: 0.0651415,-0.1610359,1.510766,59.83703
524.6667: 0.1081295,-0.1369148,1.507848,60.08345
524.8889: 0.1877201,-0.1065201,1.499404,56.46531
525.1111: 0.2897298,-0.07159284,1.502164,48.6806
525.3334: 0.3862867,-0.02210773,1.514818,45.73722
525.5555: 0.4802313,0.05543783,1.501163,44.78118
525.7778: 0.5703191,0.1622383,1.497242,45.85869
526: 0.6556937,0.2440774,1.523621,45.65254
526.2222: 0.7370367,0.2951362,1.523304,46.38018
526.4445: 0.8052361,0.3230332,1.526884,44.31752
Distance to Expected Destination: 0.8791787
Trial Result: Fail at object: Level3EndingPoint | Time Spent: 3.382942
Trial No.:3 Ends
User starts reading map for 2 seconds.
Trial No.:19 Begins
533.2444: -0.03254898,-0.2361238,1.50954,351.9561
533.4667: -0.03710026,-0.2359231,1.510377,352.3142
533.6889: -0.03867014,-0.2319269,1.511007,357.9872
533.9111: -0.02837572,-0.2286544,1.50938,14.92544
534.1334: -0.01631502,-0.2309236,1.505571,34.6364
534.3556: -0.004208859,-0.2278297,1.501819,45.74623
534.5778: 0.02752281,-0.2151664,1.498895,52.02575
534.8: 0.08661924,-0.1891995,1.493713,50.95602
535.0222: 0.1858283,-0.1500304,1.486964,47.92663
535.2444: 0.3175255,-0.1086954,1.495189,48.33909
535.4667: 0.4422396,-0.05243403,1.505507,49.68727
535.6889: 0.5636982,0.03770263,1.484489,49.29716
535.9111: 0.6925067,0.159855,1.502587,52.40838
536.1334: 0.826315,0.2648225,1.525026,53.63146
536.3556: 0.9719754,0.3465361,1.502953,53.9682
536.5778: 1.140565,0.4223427,1.51999,51.54855
536.8: 1.28262,0.5208323,1.533194,49.91734
537.0222: 1.415948,0.651219,1.517418,49.32808
537.2444: 1.545432,0.7677125,1.546932,48.80732
537.4667: 1.681826,0.8510319,1.53619,48.73596
537.6889: 1.810511,0.908455,1.544691,47.27113
537.9111: 1.906613,0.9779789,1.55624,46.84833
538.1334: 1.965328,1.04956,1.557582,47.62183
Distance to Expected Destination: 2.245894
Trial Result: Fail at object: Level19EndingPoint | Time Spent: 5.187038
Trial No.:19 Ends
User starts reading map for 2 seconds.
Trial No.:41 Begins
547.5555: -0.1236999,-0.04620986,1.521283,359.6913
547.7778: -0.1173051,-0.04282966,1.523974,0.9654325
548: -0.09016751,-0.04201719,1.520583,14.95313
548.2222: -0.06570061,-0.05609363,1.51986,45.34904
548.4445: -0.06478831,-0.1057225,1.516755,92.75986
548.6667: -0.09397763,-0.176357,1.511039,133.6138
548.8889: -0.1140933,-0.246814,1.509122,155.931
549.1111: -0.1178542,-0.3121698,1.508362,168.6732
549.3334: -0.09467278,-0.3585261,1.50517,175.5611
549.5555: -0.04705544,-0.4096091,1.489518,173.02
549.7778: -0.005590804,-0.5086991,1.471171,168.6868
550: 0.008752303,-0.653828,1.46236,170.5817
550.2222: 0.03800057,-0.7996296,1.487137,172.5562
550.4445: 0.09421279,-0.9403704,1.470127,172.1529
550.6667: 0.1594588,-1.087826,1.490082,171.1191
550.8889: 0.1889136,-1.247204,1.490485,171.0156
551.1111: 0.1809244,-1.414908,1.472763,170.3536
551.3334: 0.1887424,-1.574314,1.491265,169.3294
551.5555: 0.2326488,-1.714589,1.472476,168.432
551.7778: 0.2895809,-1.832409,1.482389,169.1512
552: 0.3097324,-1.922902,1.493785,166.1177
Distance to Expected Destination: 1.9612
Trial Result: Fail at object: Level41EndingPoint | Time Spent: 4.730083
Trial No.:41 Ends
User starts reading map for 2 seconds.
Trial No.:4 Begins
561.3223: -0.03486569,0.06714655,1.5157,358.8517
561.5444: -0.02514645,0.07855566,1.520428,2.348591
561.7667: 0.00465302,0.09326108,1.509188,15.31799
561.9889: 0.03353941,0.1071382,1.510637,43.49079
562.2111: 0.05711112,0.07807171,1.516749,81.73839
562.4333: 0.04851101,0.0003203843,1.510023,122.0873
562.6556: 0.02721782,-0.05100543,1.511775,164.5839
562.8778: 0.02025904,-0.07356657,1.508013,193.9005
563.1: -0.0003374796,-0.1300695,1.503408,204.5117
563.3223: -0.0498907,-0.2229951,1.486315,200.0797
563.5444: -0.1222643,-0.3405446,1.485391,193.9533
563.7667: -0.1630366,-0.4520045,1.49535,191.2281
563.9889: -0.1687137,-0.5537501,1.481602,191.3275
564.2111: -0.1555189,-0.6447225,1.499906,191.7837
Distance to Expected Destination: 0.6854777
Trial Result: Success object: Level4EndingPoint | Time Spent: 3.209114
Trial No.:4 Ends
User starts reading map for 2 seconds.
Trial No.:42 Begins
571.0333: 0.08087861,-0.02894954,1.515005,355.0717
571.2556: 0.0798931,-0.02400157,1.514833,358.4166
571.4778: 0.08998463,-0.02027826,1.516093,15.04911
571.7: 0.1021286,-0.01679605,1.510648,32.90915
571.9222: 0.1187455,-0.001522811,1.504284,41.48047
572.1445: 0.1687801,0.03011223,1.501208,43.04987
572.3667: 0.2594682,0.08204295,1.49113,40.90703
572.5889: 0.369018,0.142891,1.499516,39.38916
572.8111: 0.4584562,0.2099549,1.512813,39.23842
573.0333: 0.5343598,0.2983272,1.500421,38.87114
573.2556: 0.5927175,0.4072497,1.507427,41.49253
573.4778: 0.6470963,0.486203,1.525996,40.62031
573.7: 0.7072474,0.5289341,1.52853,41.31982
573.9222: 0.7578521,0.5479118,1.531523,39.66097
Distance to Expected Destination: 0.9391806
Trial Result: Fail at object: Level42EndingPoint | Time Spent: 3.140465
Trial No.:42 Ends
User starts reading map for 2 seconds.
Trial No.:25 Begins
580.8: -0.01649746,-0.1013863,1.513056,350.2659
581.0222: -0.01519654,-0.09895022,1.51299,350.8034
581.2444: -0.00777203,-0.09467623,1.513817,357.0811
581.4667: 0.007240728,-0.09001169,1.512853,10.12183
581.6889: 0.01480377,-0.07686573,1.513223,20.1626
581.9111: 0.03293727,-0.03812191,1.509527,25.74909
582.1334: 0.08507027,0.03641577,1.498749,27.23624
582.3556: 0.1774184,0.1372889,1.482264,25.91548
582.5778: 0.2760487,0.2456544,1.502836,26.86362
582.8: 0.3609657,0.3753228,1.501486,27.86033
583.0222: 0.4334676,0.5423201,1.491365,30.23767
583.2444: 0.5189363,0.6998388,1.529923,31.88587
583.4667: 0.62455,0.8343914,1.518823,34.12025
583.6889: 0.7653452,0.9551669,1.509602,33.01875
583.9111: 0.8858293,1.085408,1.530704,33.05194
584.1334: 0.9727223,1.230214,1.510053,32.95889
584.3556: 1.052652,1.384372,1.531862,33.78631
584.5778: 1.14511,1.506971,1.544332,34.26321
584.8: 1.250417,1.603672,1.528646,34.62476
585.0222: 1.344972,1.687117,1.550224,34.04067
585.2444: 1.401856,1.757903,1.558456,33.53348
Distance to Expected Destination: 2.248427
Trial Result: Fail at object: Level25EndingPoint | Time Spent: 4.66927
Trial No.:25 Ends
User starts reading map for 2 seconds.
Trial No.:16 Begins
593.9667: -0.1498529,-0.1593771,1.510275,359.9567
594.1889: -0.1550886,-0.142598,1.513453,2.39632
594.4111: -0.1167926,-0.1234316,1.513512,15.22703
594.6334: -0.03598688,-0.1346852,1.507031,42.24428
594.8556: 0.03089302,-0.1763105,1.508161,90.39552
595.0778: 0.03675207,-0.2051715,1.503969,136.7668
595.3: 0.009655714,-0.2162416,1.505107,165.5779
595.5222: -0.04124933,-0.2531544,1.50246,180.0053
595.7444: -0.1028271,-0.3185326,1.492117,187.5687
595.9667: -0.1407333,-0.4166737,1.486511,189.3542
596.1889: -0.1420956,-0.5575703,1.462236,188.29
596.4111: -0.1194237,-0.7205966,1.477675,187.1194
596.6334: -0.1297403,-0.8732681,1.492323,186.9413
596.8556: -0.1752359,-1.015379,1.471441,185.163
597.0778: -0.217055,-1.152706,1.487505,184.7079
597.3: -0.2227263,-1.289378,1.488684,183.9257
597.5222: -0.2038387,-1.415784,1.478658,184.2676
597.7444: -0.201736,-1.506144,1.491187,183.8756
Distance to Expected Destination: 1.554019
Trial Result: Fail at object: Level16EndingPoint | Time Spent: 4.120876
Trial No.:16 Ends
User starts reading map for 2 seconds.
Trial No.:28 Begins
605.0111: 0.04627635,-0.05595131,1.511647,352.352
605.2333: 0.04645832,-0.05528957,1.51236,353.0432
605.4556: 0.05783498,-0.05002446,1.515883,5.269923
605.6778: 0.09186585,-0.05575002,1.512295,41.07587
605.9: 0.1191931,-0.08328568,1.506187,82.15893
606.1223: 0.1503188,-0.08892065,1.502356,98.14046
606.3445: 0.2109101,-0.1095758,1.502023,103.0717
606.5667: 0.3058113,-0.15266,1.499957,99.87036
606.7889: 0.4124495,-0.1826408,1.503429,97.79597
607.0111: 0.535033,-0.1864585,1.503702,97.71912
607.2333: 0.6711352,-0.1637826,1.480062,99.0481
607.4556: 0.8101352,-0.1495463,1.506841,99.31477
607.6778: 0.9249225,-0.1722875,1.513053,99.05708
607.9: 1.025644,-0.2224311,1.499408,97.1496
608.1223: 1.116497,-0.2750526,1.517448,95.02458
Distance to Expected Destination: 1.168183
Trial Result: Fail at object: Level28EndingPoint | Time Spent: 3.398418
Trial No.:28 Ends
User starts reading map for 2 seconds.
Trial No.:27 Begins
614.9556: -0.08737092,-0.01256194,1.513769,357.6714
615.1778: -0.08969195,-0.008102363,1.514335,354.9598
615.4: -0.0987266,0.0007624431,1.513595,341.5714
615.6223: -0.1008379,0.01442827,1.507002,330.3955
615.8445: -0.1120018,0.0448084,1.495711,326.1488
616.0667: -0.1601247,0.09608538,1.483799,325.631
616.2889: -0.2532658,0.1669981,1.46804,327.8815
616.5111: -0.3595555,0.2533573,1.49345,327.4869
616.7333: -0.4471668,0.3572981,1.49925,327.3936
616.9556: -0.5147644,0.4893891,1.477554,327.7107
617.1778: -0.5832259,0.6460818,1.49191,329.6613
617.4: -0.6698254,0.7832648,1.507287,331.6619
617.6223: -0.7898416,0.9080915,1.480954,330.6788
617.8445: -0.9157594,1.029961,1.503834,330.3835
618.0667: -1.001992,1.160794,1.508091,331.7587
618.2889: -1.057041,1.301398,1.494449,331.6166
618.5111: -1.125124,1.424744,1.515967,330.558
618.7333: -1.211632,1.51776,1.508483,329.3595
618.9556: -1.302769,1.584014,1.519784,329.4742
619.1778: -1.358581,1.633275,1.52549,330.3182
Distance to Expected Destination: 2.137463
Trial Result: Fail at object: Level27EndingPoint | Time Spent: 4.509655
Trial No.:27 Ends
User starts reading map for 2 seconds.
Trial No.:11 Begins
629.4: 0.07244195,-0.03601123,1.511294,3.191045
629.6223: 0.07258672,-0.03544743,1.512659,3.182006
629.8445: 0.08481991,-0.03313435,1.513227,15.95461
630.0667: 0.09659874,-0.02846583,1.511356,32.44197
630.2889: 0.1064457,-0.00778608,1.501596,37.81688
630.5111: 0.1469132,0.02768767,1.497944,40.00676
630.7333: 0.2267874,0.08406977,1.487666,38.95901
630.9556: 0.3442233,0.1534779,1.492636,35.02298
631.1778: 0.4408209,0.2368284,1.507896,35.91713
631.4: 0.5131251,0.3505856,1.492539,36.66558
631.6223: 0.5711538,0.5048206,1.49299,36.77861
631.8445: 0.6314086,0.6249102,1.524425,35.10876
632.0667: 0.6911755,0.7041925,1.523934,36.10609
632.2889: 0.7540162,0.7492368,1.530043,34.20154
Distance to Expected Destination: 1.101491
Trial Result: Fail at object: Level11EndingPoint | Time Spent: 3.264778
Trial No.:11 Ends
User starts reading map for 2 seconds.
Trial No.:1 Begins
640.9445: -0.05803434,-0.1801398,1.514901,352.8854
641.1667: -0.05953307,-0.1799822,1.51393,351.9393
641.3889: -0.06326671,-0.179179,1.513619,345.3671
641.6111: -0.05697107,-0.17331,1.51366,343.5013
641.8334: -0.04930847,-0.1533208,1.506894,339.7942
642.0555: -0.0625549,-0.111251,1.499871,336.6557
642.2778: -0.108049,-0.04226349,1.48732,337.5863
642.5: -0.1860532,0.04954108,1.481788,338.5421
642.7222: -0.253123,0.1556627,1.499781,338.8568
642.9445: -0.2908038,0.2828141,1.488318,340.3348
643.1667: -0.3064372,0.4371334,1.478234,339.1936
643.3889: -0.3523007,0.5972909,1.506102,336.4104
643.6111: -0.4364882,0.745578,1.487927,332.9687
643.8334: -0.5451728,0.8942933,1.496181,333.7137
644.0555: -0.6227762,1.055331,1.511644,335.48
644.2778: -0.6630895,1.229452,1.486162,336.9749
644.5: -0.7092746,1.397426,1.51069,339.0309
644.7222: -0.781407,1.541222,1.505894,338.6123
644.9445: -0.8676544,1.664887,1.510298,338.4788
645.1667: -0.9257534,1.788412,1.521507,337.2323
645.3889: -0.9599993,1.936278,1.512645,336.5649
645.6111: -0.9913799,2.022155,1.532193,336.1005
Distance to Expected Destination: 0.4557734
Trial Result: Success object: Level1EndingPoint | Time Spent: 4.935497
Trial No.:1 Ends
User starts reading map for 2 seconds.
Trial No.:5 Begins
654.9333: 0.08518109,-0.1555986,1.517225,359.0179
655.1556: 0.0815089,-0.1536869,1.517676,356.1547
655.3778: 0.05942028,-0.1520983,1.516147,336.4773
655.6: 0.0497104,-0.1496027,1.51247,326.4835
655.8223: 0.03955767,-0.136157,1.504737,321.3272
656.0444: 4.246458E-05,-0.1096971,1.500252,316.9647
656.2667: -0.08857657,-0.06194562,1.486194,315.5735
656.4889: -0.210309,-0.008628584,1.483438,316.0638
656.7111: -0.319831,0.06547023,1.49737,317.0635
656.9333: -0.4279678,0.1617082,1.473376,319.8809
657.1556: -0.548594,0.2923269,1.471989,315.3766
657.3778: -0.6868627,0.4093905,1.496886,312.361
657.6: -0.8512809,0.5046494,1.468464,311.1347
657.8223: -1.042546,0.5936134,1.486641,312.7085
658.0444: -1.201038,0.694755,1.505004,313.5044
658.2667: -1.330203,0.8115275,1.477352,313.3828
658.4889: -1.458693,0.9417566,1.49395,311.242
658.7111: -1.598657,1.040919,1.500467,311.3384
658.9333: -1.752882,1.107652,1.472251,313.4713
Distance to Expected Destination: 2.201831
659.1556: -1.879061,1.158136,1.505046,315.7341
Trial Result: Fail at object: Level5EndingPoint | Time Spent: 4.439651
Trial No.:5 Ends
User starts reading map for 2 seconds.
Trial No.:23 Begins
668.9333: 0.05847595,0.0009016707,1.514332,356.3986
669.1556: 0.05760774,0.002625546,1.515193,355.7427
669.3778: 0.06163151,0.004035545,1.516176,0.7019081
669.6: 0.07459968,0.0003427356,1.516423,16.9143
669.8223: 0.08980332,-0.006282138,1.513957,36.42537
670.0444: 0.1014324,-0.008552589,1.513311,50.0306
670.2667: 0.1222211,0.002702881,1.510675,56.33189
670.4889: 0.1699496,0.02205186,1.510162,57.28936
670.7111: 0.2559481,0.04139884,1.499972,55.56316
670.9333: 0.3721578,0.06203039,1.505845,52.80116
671.1556: 0.4821388,0.1055369,1.517708,53.90533
671.3778: 0.5926255,0.1777015,1.500697,56.03426
671.6: 0.6994466,0.2688557,1.506113,59.23661
671.8223: 0.800488,0.3311029,1.526848,60.69941
672.0444: 0.9011626,0.3659144,1.523159,61.306
672.2667: 1.002448,0.3848408,1.528135,58.15863
Distance to Expected Destination: 1.098763
Trial Result: Fail at object: Level23EndingPoint | Time Spent: 3.62817
Trial No.:23 Ends
User starts reading map for 2 seconds.
Trial No.:29 Begins
679.2778: -0.004886242,-0.07230887,1.513301,356.8931
679.5: 0.002219031,-0.0734632,1.51743,357.4261
679.7222: 0.02997649,-0.07672112,1.518607,12.81267
679.9445: 0.05476138,-0.09960223,1.517315,51.95732
680.1667: 0.06443605,-0.1364353,1.509017,91.04209
680.3889: 0.09261647,-0.1563198,1.500333,104.5501
680.6111: 0.1695978,-0.1813659,1.491531,104.3503
680.8334: 0.2913061,-0.2342712,1.473098,102.8763
681.0555: 0.4256662,-0.2918444,1.492984,99.35513
681.2778: 0.5653054,-0.3286771,1.494134,97.48093
681.5: 0.7306008,-0.3391809,1.471166,97.88644
681.7222: 0.8989188,-0.3600012,1.50991,95.93818
681.9445: 1.049816,-0.4036362,1.514333,95.8201
682.1667: 1.18013,-0.4654055,1.503079,94.08906
682.3889: 1.271685,-0.498125,1.523214,93.35938
Distance to Expected Destination: 1.40978
Trial Result: Fail at object: Level29EndingPoint | Time Spent: 3.520145
Trial No.:29 Ends
User starts reading map for 2 seconds.
Trial No.:46 Begins
689.7: -0.05247577,-0.01416171,1.51195,2.765424
689.9222: -0.05304584,-0.01684247,1.515399,356.4664
690.1445: -0.08052732,-0.03118051,1.512259,324.5478
690.3667: -0.1277601,-0.09016893,1.512249,277.8299
690.5889: -0.1627222,-0.1832308,1.508368,238.9813
690.8112: -0.2076074,-0.2517684,1.504681,224.6535
691.0333: -0.2594666,-0.2959405,1.50483,218.2618
691.2556: -0.2973016,-0.3274663,1.496995,205.7524
691.4778: -0.3266144,-0.3723586,1.489436,194.4971
691.7: -0.3625116,-0.4622641,1.473497,197.0809
691.9222: -0.4035234,-0.5954244,1.471303,203.7681
692.1445: -0.4683486,-0.7261567,1.48908,207.5621
692.3667: -0.5669724,-0.8479804,1.462623,211.4736
692.5889: -0.6913712,-0.9652261,1.469194,212.5398
692.8112: -0.7840714,-1.097234,1.485346,213.3451
693.0333: -0.8475175,-1.239757,1.460359,213.9263
693.2556: -0.9058001,-1.366477,1.482221,214.8411
693.4778: -0.9687792,-1.443775,1.485746,214.8708
Distance to Expected Destination: 1.770875
Trial Result: Fail at object: Level46EndingPoint | Time Spent: 4.120113
Trial No.:46 Ends
User starts reading map for 2 seconds.
Trial No.:38 Begins
702.7667: 0.0977871,0.06860603,1.511918,17.25574
702.9889: 0.09359027,0.06588653,1.513148,15.25847
703.2111: 0.07876781,0.06940545,1.516412,1.372854
703.4333: 0.06701352,0.08128453,1.516465,344.683
703.6556: 0.0582037,0.1106021,1.507048,334.8417
703.8778: 0.0217254,0.1679047,1.496831,332.2101
704.1: -0.0618408,0.2521741,1.473053,333.619
704.3223: -0.1706336,0.3497544,1.494755,333.2931
704.5444: -0.2583663,0.4517063,1.507197,334.2068
704.7667: -0.3284547,0.5659509,1.488317,334.331
704.9889: -0.3867664,0.7200641,1.488863,332.4677
705.2111: -0.4562503,0.8654413,1.510939,334.1092
705.4333: -0.5571588,0.9973974,1.491697,333.7359
705.6556: -0.6821862,1.119252,1.50632,333.3408
705.8778: -0.772369,1.240768,1.523978,331.076
706.1: -0.8268931,1.366193,1.50535,330.1211
706.3223: -0.8629875,1.485261,1.51806,327.2253
706.5444: -0.9096606,1.575915,1.52864,326.1981
706.7667: -0.9656129,1.641901,1.523057,328.3562
Distance to Expected Destination: 1.937161
Trial Result: Fail at object: Level38EndingPoint | Time Spent: 4.331974
Trial No.:38 Ends
User starts reading map for 2 seconds.
Trial No.:39 Begins
717.5667: 0.06733841,-0.1535188,1.508878,354.4183
717.7889: 0.0693459,-0.1525138,1.509197,354.0459
718.0111: 0.08302334,-0.1504376,1.512609,5.091512
718.2333: 0.1048656,-0.1574061,1.512247,29.79515
718.4556: 0.1144681,-0.1664519,1.511416,47.34964
718.6778: 0.1173386,-0.1621082,1.509776,53.85079
718.9: 0.1328739,-0.1454955,1.504907,58.08722
719.1223: 0.1846324,-0.1160129,1.503953,56.78522
719.3445: 0.2851475,-0.07938099,1.491936,56.45525
719.5667: 0.4261324,-0.0399877,1.493482,54.53828
719.7889: 0.5506001,0.008250708,1.507063,50.98172
720.0111: 0.6781909,0.08245964,1.490601,48.58027
720.2333: 0.8114781,0.1921199,1.47752,53.04606
720.4556: 0.9491574,0.2893751,1.51277,54.79661
720.6778: 1.106505,0.3675163,1.515925,55.18958
720.9: 1.282386,0.4213785,1.49903,54.07495
721.1223: 1.444534,0.4954122,1.529169,52.69819
721.3445: 1.585115,0.6073052,1.515269,50.91171
721.5667: 1.704127,0.7283987,1.527839,51.67162
721.7889: 1.809225,0.7997957,1.556011,51.82907
Distance to Expected Destination: 2.052278
Trial Result: Fail at object: Level39EndingPoint | Time Spent: 4.62122
Trial No.:39 Ends
User starts reading map for 2 seconds.
Trial No.:21 Begins
731.1334: -0.07714623,-0.05690822,1.516712,3.850371
731.3556: -0.08839956,-0.0582446,1.51814,3.346959
731.5778: -0.1070234,-0.06048575,1.518023,353.3119
731.8: -0.1263326,-0.07500596,1.520979,318.3896
732.0222: -0.1196628,-0.1257807,1.516283,269.7217
732.2444: -0.09686121,-0.1791832,1.509346,234.2097
732.4667: -0.1083066,-0.2248645,1.503703,224.1856
732.6889: -0.1656626,-0.2974511,1.491822,225.0345
732.9111: -0.2490484,-0.3994806,1.481937,226.0208
733.1334: -0.3438214,-0.4863914,1.492087,225.5113
733.3556: -0.4638847,-0.5671506,1.475169,225.2932
733.5778: -0.5818714,-0.6446898,1.478291,222.673
733.8: -0.6516306,-0.731897,1.495142,219.4794
734.0222: -0.6827379,-0.8182776,1.488979,218.9495
Distance to Expected Destination: 1.117186
Trial Result: Fail at object: Level21EndingPoint | Time Spent: 3.287125
Trial No.:21 Ends
User starts reading map for 2 seconds.
Trial No.:30 Begins
740.9445: 0.1244081,-0.06790397,1.520519,356.5305
741.1667: 0.128177,-0.06001901,1.523707,354.1684
741.3889: 0.0917099,-0.04983324,1.520957,344.1063
741.6111: 0.0252004,-0.05027187,1.515479,323.3521
741.8334: -0.03151944,-0.06706682,1.515038,281.8057
742.0556: -0.05354936,-0.08306544,1.5129,237.0054
742.2778: -0.04765879,-0.08409634,1.505864,202.0141
742.5: -0.03573496,-0.1029717,1.502964,191.5253
742.7222: -0.00722927,-0.1669257,1.492607,185.0164
742.9445: 0.02040941,-0.2648354,1.493093,185.707
743.1667: 0.01992785,-0.3700275,1.495155,189.5546
743.3889: -0.01103405,-0.495098,1.470567,190.8529
743.6111: -0.05607009,-0.6363069,1.48405,188.9257
743.8334: -0.0695896,-0.7672823,1.499084,187.4357
744.0556: -0.05161579,-0.8859835,1.482929,188.0792
744.2778: -0.02427173,-0.9709487,1.498629,189.3773
744.5: -0.01182259,-1.028607,1.501618,190.8316
744.7222: -0.01266072,-1.057293,1.502993,196.746
744.9445: -0.0114857,-1.066759,1.501203,197.5243
Distance to Expected Destination: 1.068039
Trial Result: Fail at object: Level30EndingPoint | Time Spent: 4.320396
Trial No.:30 Ends
User starts reading map for 2 seconds.
Trial No.:48 Begins
751.3334: 0.01161878,0.007124371,1.514556,345.6221
751.5556: 0.009450017,0.008749761,1.516065,345.461
751.7778: 0.001361334,0.01290473,1.517116,336.8165
752: -0.001673434,0.0273598,1.51352,327.8268
752.2222: -0.01498959,0.06052685,1.503853,325.0604
752.4445: -0.0659174,0.1156087,1.492504,325.8267
752.6667: -0.1564006,0.1894156,1.476488,328.3518
752.8889: -0.2582062,0.286315,1.503345,328.4388
753.1111: -0.350522,0.4041237,1.492538,330.4626
753.3334: -0.4334597,0.5529399,1.474942,329.5286
753.5556: -0.534202,0.7077459,1.505569,328.7693
753.7778: -0.6590553,0.8480871,1.494009,327.8415
754: -0.7865262,0.9759877,1.506114,329.4834
754.2222: -0.8820729,1.115162,1.509115,331.1809
754.4445: -0.949554,1.268498,1.501635,330.8002
754.6667: -1.034208,1.413077,1.516391,329.9583
754.8889: -1.142714,1.54003,1.491421,329.7042
755.1111: -1.24549,1.656767,1.518296,331.2717
755.3334: -1.313933,1.769688,1.522075,332.5323
755.5556: -1.350043,1.862335,1.52276,332.312
Distance to Expected Destination: 2.307726
Trial Result: Fail at object: Level48EndingPoint | Time Spent: 4.477013
Trial No.:48 Ends
User starts reading map for 2 seconds.
Trial No.:40 Begins
765.8889: 0.1069986,-0.1011414,1.523141,1.776597
766.1111: 0.1062436,-0.1000147,1.522616,1.844827
766.3334: 0.09460059,-0.1001823,1.528216,352.1777
766.5556: 0.05171766,-0.1140646,1.52602,313.7164
766.7778: 0.001099134,-0.1859835,1.516413,258.084
767: -0.04312332,-0.2661183,1.506792,226.9688
767.2222: -0.1032675,-0.3312575,1.497115,222.6748
767.4445: -0.1779625,-0.3899664,1.494701,218.2237
767.6667: -0.2939326,-0.4490407,1.471524,216.6265
767.8889: -0.444678,-0.5285501,1.470387,215.2762
768.1111: -0.5637343,-0.6480399,1.48302,213.6309
768.3334: -0.6537131,-0.8038933,1.445817,213.5632
768.5556: -0.7474926,-0.9794399,1.476033,214.176
768.7778: -0.8666074,-1.124861,1.475703,215.0704
769: -1.006629,-1.250513,1.454845,214.6516
769.2222: -1.121879,-1.389784,1.476907,214.8804
769.4445: -1.205583,-1.540303,1.448894,214.2128
769.6667: -1.275205,-1.697254,1.463424,215.7616
769.8889: -1.359463,-1.81828,1.478409,216.7958
770.1111: -1.447709,-1.90086,1.46552,217.3552
Distance to Expected Destination: 2.421097
Trial Result: Fail at object: Level40EndingPoint | Time Spent: 4.532482
Trial No.:40 Ends
User starts reading map for 2 seconds.
Trial No.:17 Begins
778.2222: 0.04862414,0.1663243,1.523901,0.4879189
778.4445: 0.0229379,0.1671129,1.52831,350.554
778.6667: -0.03175068,0.1458982,1.52318,304.8052
778.8889: -0.03221735,0.09027025,1.51198,242.6271
779.1111: 0.02509904,0.08281152,1.507898,202.9313
779.3334: 0.06708033,0.077427,1.505779,183.6881
779.5556: 0.1002225,0.03186637,1.506355,172.8547
779.7778: 0.127977,-0.06075874,1.497344,171.5396
780: 0.1410337,-0.182801,1.496264,178.17
780.2222: 0.1256119,-0.3201033,1.494576,183.6192
780.4445: 0.08313718,-0.4710802,1.464341,183.6275
780.6667: 0.05532239,-0.6306225,1.494957,180.759
780.8889: 0.06754443,-0.7918329,1.487266,179.5183
781.1111: 0.1119445,-0.9493903,1.47461,181.1108
781.3334: 0.1398634,-1.080497,1.502816,181.7606
781.5556: 0.1390606,-1.188657,1.497846,182.8335
Distance to Expected Destination: 1.257561
Trial Result: Fail at object: Level17EndingPoint | Time Spent: 3.722328
Trial No.:17 Ends
User starts reading map for 2 seconds.
Trial No.:10 Begins
789.2444: -0.03524216,-0.01656023,1.514763,2.006407
789.4667: -0.02805547,-0.01817276,1.517849,2.712313
789.6889: 0.001902742,-0.01589618,1.519701,14.91982
789.9111: 0.03630528,-0.0212829,1.517979,47.23526
790.1334: 0.04759,-0.05483876,1.512714,86.27831
790.3556: 0.0399626,-0.1229991,1.509867,119.6249
790.5778: 0.02429285,-0.2032026,1.508686,149.0035
790.8: 0.02378748,-0.2607822,1.50538,167.7364
791.0222: 0.05746666,-0.2955511,1.507022,176.521
791.2444: 0.1109845,-0.3257297,1.497324,175.8706
791.4667: 0.1433622,-0.3881903,1.488468,173.8633
791.6889: 0.1443237,-0.4869395,1.471969,176.4432
791.9111: 0.1463864,-0.6163657,1.48663,174.7326
792.1334: 0.1732779,-0.7385881,1.498502,173.3611
792.3556: 0.2273412,-0.8553414,1.487134,173.6903
792.5778: 0.2722545,-0.9468282,1.498063,174.2583
792.8: 0.2914282,-1.007918,1.504814,175.3645
793.0222: 0.2949933,-1.046023,1.502501,172.002
Distance to Expected Destination: 1.086824
Trial Result: Fail at object: Level10EndingPoint | Time Spent: 4.009773
Trial No.:10 Ends
User starts reading map for 2 seconds.
Trial No.:35 Begins
799.8: 0.04298976,-0.07534122,1.51475,359.8705
800.0222: 0.04147651,-0.07226604,1.515429,355.4059
800.2444: 0.04356132,-0.06222346,1.516104,350.0088
800.4667: 0.0368648,-0.04305431,1.514446,336.0182
800.6889: 0.02101232,0.0007879008,1.508147,331.9836
800.9111: -0.03091543,0.08343022,1.4934,331.9955
801.1334: -0.1270809,0.1853181,1.481019,333.7228
801.3556: -0.2194139,0.2905146,1.507544,333.6598
801.5778: -0.2893865,0.4074244,1.4989,333.9176
801.8: -0.3413403,0.5522722,1.482297,333.7099
802.0222: -0.4058095,0.7133564,1.508702,331.9734
802.2444: -0.5043868,0.8647031,1.50358,328.9524
802.4667: -0.6308087,1.0019,1.494078,328.614
802.6889: -0.7358335,1.14344,1.516832,330.0816
802.9111: -0.8072951,1.292297,1.495946,330.3803
803.1334: -0.884744,1.43168,1.51681,328.3672
803.3556: -0.9926646,1.555365,1.505407,326.8279
803.5778: -1.113524,1.666062,1.504548,329.1099
803.8: -1.202177,1.773657,1.523609,331.2227
804.0222: -1.257297,1.872026,1.513207,332.4065
Distance to Expected Destination: 2.25964
Trial Result: Fail at object: Level35EndingPoint | Time Spent: 4.464123
Trial No.:35 Ends
User starts reading map for 2 seconds.
Trial No.:37 Begins
812.7444: 0.1391508,-0.2048967,1.517969,353.3224
812.9667: 0.1547214,-0.1936291,1.521258,359.4744
813.1889: 0.203224,-0.1885018,1.518804,31.08689
813.4111: 0.2220895,-0.2322747,1.511488,96.7958
813.6334: 0.1689493,-0.2725196,1.5033,148.6139
813.8556: 0.121946,-0.311397,1.496492,179.0224
814.0778: 0.08979005,-0.3848162,1.494129,194.7791
814.3: 0.07595319,-0.5086529,1.488963,187.5069
814.5222: 0.08207292,-0.6452199,1.490738,178.4665
814.7444: 0.1067677,-0.8180173,1.467916,180.2063
814.9667: 0.1205645,-0.9993603,1.488608,185.3601
815.1889: 0.09897202,-1.164971,1.486688,188.0466
815.4111: 0.04234407,-1.330791,1.46413,187.0848
815.6334: 0.0001141988,-1.505698,1.486348,185.8715
815.8556: -0.004367419,-1.685363,1.460222,183.5311
816.0778: 0.01797376,-1.879491,1.46123,183.3651
816.3: 0.009642974,-2.060909,1.481164,182.1891
816.5222: -0.02678192,-2.232084,1.455055,182.7041
816.7444: -0.05932625,-2.388094,1.470685,181.2699
816.9667: -0.05403132,-2.517414,1.472734,179.4024
Distance to Expected Destination: 2.586398
Trial Result: Fail at object: Level37EndingPoint | Time Spent: 4.610523
Trial No.:37 Ends
User starts reading map for 2 seconds.
Trial No.:9 Begins
825.5778: 0.04046798,0.05840191,1.514484,4.6522
825.8: 0.047076,0.05515176,1.51705,8.380714
826.0222: 0.07544752,0.04967981,1.520697,31.87393
826.2444: 0.1087359,0.04232546,1.518867,59.41418
826.4667: 0.1466587,0.05578638,1.512073,71.92352
826.6889: 0.2081573,0.07694358,1.504595,74.06046
826.9111: 0.3090619,0.0981304,1.491079,69.66552
827.1334: 0.4473505,0.1166225,1.49781,65.15433
827.3556: 0.5865382,0.1522115,1.513312,63.87197
827.5778: 0.7412747,0.214267,1.490211,62.76931
827.8: 0.9140773,0.3100151,1.498744,65.63676
828.0222: 1.083616,0.3771322,1.526385,67.1115
828.2444: 1.261797,0.4199479,1.500264,68.07555
828.4667: 1.452664,0.4516394,1.513634,66.14527
828.6889: 1.624003,0.5222827,1.533132,65.03845
828.9111: 1.776928,0.6284111,1.503168,63.48832
829.1334: 1.913455,0.7267761,1.541547,62.90561
829.3556: 2.034335,0.7862232,1.549206,64.03828
829.5778: 2.156855,0.8159801,1.542345,63.65627
829.8: 2.262532,0.8428913,1.556007,62.19567
Distance to Expected Destination: 2.441593
Trial Result: Fail at object: Level9EndingPoint | Time Spent: 4.531876
Trial No.:9 Ends
User starts reading map for 2 seconds.
Trial No.:12 Begins
839.9556: -0.06192929,-0.007826887,1.510339,5.467256
840.1778: -0.06896478,-0.008448107,1.513084,358.5945
840.4: -0.08433571,-0.00824827,1.51402,338.948
840.6223: -0.09539261,-0.009750992,1.511362,322.2892
840.8445: -0.1019364,0.003126036,1.508379,316.0276
841.0667: -0.1253402,0.03593024,1.499789,317.6826
841.2889: -0.1904351,0.09011523,1.488166,321.1637
841.5111: -0.2947586,0.152507,1.479595,325.1888
841.7333: -0.4016781,0.2292946,1.501294,326.5679
841.9556: -0.5012112,0.3304465,1.491729,327.8451
842.1778: -0.5806471,0.452293,1.472725,326.3073
842.4: -0.6588117,0.5531734,1.500798,327.2057
842.6223: -0.7306418,0.6153558,1.506455,328.1059
Distance to Expected Destination: 0.9726771
Trial Result: Fail at object: Level12EndingPoint | Time Spent: 2.965229
Trial No.:12 Ends
User starts reading map for 2 seconds.
Trial No.:14 Begins
849.7333: 0.09856831,-0.2439741,1.508364,359.2563
849.9556: 0.1002619,-0.2414956,1.508282,358.5453
850.1778: 0.09141897,-0.2360066,1.508449,346.8615
850.4: 0.0846394,-0.2259971,1.507348,334.3337
850.6223: 0.07562272,-0.1987053,1.499381,327.5814
850.8445: 0.02982939,-0.1498873,1.493665,324.3838
851.0667: -0.065474,-0.08293092,1.47698,326.4683
851.2889: -0.1817486,-0.01017249,1.483753,328.5829
851.5111: -0.2725694,0.07100426,1.496587,330.0125
851.7333: -0.3498147,0.1689927,1.477651,330.7974
851.9556: -0.4205208,0.2906378,1.473314,330.0257
852.1778: -0.4995989,0.3886924,1.500799,331.5941
852.4: -0.5795602,0.453389,1.505629,332.252
852.6223: -0.654549,0.4926874,1.508028,333.8181
Distance to Expected Destination: 0.8289235
Trial Result: Fail at object: Level14EndingPoint | Time Spent: 3.15379
Trial No.:14 Ends
User starts reading map for 2 seconds.
Trial No.:44 Begins
859.2111: 0.05375258,-0.2680928,1.511102,355.4155
859.4333: 0.05586439,-0.2624778,1.512812,359.916
859.6556: 0.07088882,-0.2484424,1.511141,18.41521
859.8778: 0.08753754,-0.2257286,1.50043,35.5435
860.1: 0.1255624,-0.1926985,1.493506,43.74496
860.3223: 0.2001342,-0.1452082,1.485392,45.91858
860.5445: 0.3147787,-0.0794355,1.477381,43.91166
860.7667: 0.4349091,-0.003850347,1.495677,42.98156
860.9889: 0.5398414,0.09067928,1.493409,40.90053
861.2111: 0.6340222,0.2281211,1.474792,39.99189
861.4333: 0.7332288,0.393995,1.50711,36.04011
861.6556: 0.8366933,0.5405444,1.520035,32.23835
861.8778: 0.9613793,0.6770211,1.492885,31.84637
862.1: 1.095757,0.8254251,1.517156,30.29635
862.3223: 1.189923,0.9778892,1.519082,29.67281
862.5445: 1.256701,1.145242,1.492602,29.84155
862.7667: 1.324035,1.322913,1.536164,30.69801
862.9889: 1.40313,1.472209,1.53981,29.80968
863.2111: 1.507546,1.603022,1.524458,28.83541
863.4333: 1.593787,1.723814,1.550315,29.62492
863.6556: 1.63389,1.8348,1.561565,30.1412
Distance to Expected Destination: 2.505769
Trial Result: Fail at object: Level44EndingPoint | Time Spent: 4.81963
Trial No.:44 Ends
User starts reading map for 2 seconds.
Trial No.:43 Begins
874.1334: 0.01394665,-0.09953345,1.519362,0.354984
874.3556: 0.01731811,-0.08975306,1.519748,0.2829619
874.5778: 0.02169399,-0.0749725,1.518426,3.367868
874.8: 0.01359781,-0.05668642,1.513217,16.92207
875.0222: 0.03677808,-0.06534034,1.512819,49.71051
875.2444: 0.07725446,-0.130348,1.511382,89.09329
875.4667: 0.08925988,-0.2152148,1.505893,129.4045
875.6889: 0.07260384,-0.2519284,1.508573,169.3603
875.9111: 0.05627498,-0.250047,1.507964,194.52
876.1334: 0.01406427,-0.2478975,1.503531,204.4745
876.3556: -0.04938555,-0.2546198,1.500471,208.681
876.5778: -0.08171643,-0.275102,1.505362,209.4589
876.8: -0.05942711,-0.3127431,1.507987,193.5749
877.0222: 0.01652269,-0.3550318,1.506749,164.9544
877.2444: 0.07613733,-0.4140397,1.492634,159.9039
877.4667: 0.1187865,-0.5176492,1.483917,160.0404
877.6889: 0.138771,-0.6698962,1.460687,160.3246
877.9111: 0.1610698,-0.8467394,1.484085,159.5407
878.1334: 0.2221278,-1.011864,1.481365,159.4487
878.3556: 0.3189884,-1.168784,1.460999,160.0909
878.5778: 0.3964533,-1.336214,1.493361,159.4544
878.8: 0.44574,-1.518036,1.476284,159.6393
879.0222: 0.472411,-1.71045,1.46917,158.1463
879.2444: 0.5360429,-1.883624,1.48408,156.6485
879.4667: 0.6389912,-2.032167,1.448122,155.0399
879.6889: 0.7297111,-2.159574,1.48258,154.5824
879.9111: 0.7840033,-2.268266,1.485432,153.8424
880.1334: 0.8115389,-2.374448,1.474993,150.0687
Distance to Expected Destination: 2.569438
Trial Result: Fail at object: Level43EndingPoint | Time Spent: 6.375309
Trial No.:43 Ends
