Participant Name: Liz
Participant Gender: 1
Participant ID: 1
Test Date: 0921
Navi Mode: full
Trail No.:-1 Begins
41.46667: 0.1227512,-0.07763667,1.538263,351.8191
41.91111: 0.1186362,-0.104863,1.556096,345.38
42.35556: 0.1335104,-0.1144525,1.55566,339.5251
42.8: 0.1596734,-0.12796,1.551762,348.2221
43.24445: 0.1523556,-0.1402367,1.54771,342.4359
43.68889: 0.1525437,-0.1597143,1.54606,342.7849
44.13334: 0.1606729,-0.144785,1.542566,345.1398
44.57778: 0.1746415,-0.1261547,1.5378,346.3582
45.02222: 0.1870095,-0.1337377,1.53788,350.4714
45.46667: 0.1800685,-0.1643782,1.539806,348.8334
45.91111: 0.1640218,-0.1861064,1.547006,339.291
46.35556: 0.1589589,-0.1966613,1.546801,336.5621
46.8: 0.1570476,-0.2234716,1.550135,339.9086
47.24445: 0.1510803,-0.2322229,1.549591,347.1125
47.68889: 0.1505369,-0.2299871,1.548175,350.3501
48.13334: 0.1618299,-0.2287877,1.545881,342.9637
48.57778: 0.1644225,-0.2210597,1.54502,350.0248
49.02222: 0.1573979,-0.2150554,1.545089,354.9853
49.46667: 0.1563947,-0.2102162,1.544281,352.5332
49.91111: 0.154385,-0.2084934,1.543511,345.2616
50.35556: 0.150436,-0.2122147,1.540459,344.4998
50.8: 0.1507556,-0.2166324,1.539571,349.4152
51.24445: 0.1524247,-0.2075412,1.537611,348.7859
51.68889: 0.1459844,-0.1777338,1.536052,344.1312
52.13334: 0.1409844,-0.1290401,1.532344,343.2243
52.57778: 0.06957146,0.001766296,1.530486,342.9938
53.02222: -0.03949908,0.1702016,1.540093,345.0392
53.46667: -0.09782717,0.3538851,1.527389,339.9017
53.91111: -0.127044,0.5886645,1.530321,338.6733
54.35556: -0.2205182,0.7534851,1.540632,339.7988
Tutorial Bubble: Sphere (2) Clicked
54.8: -0.2829891,0.8716156,1.551346,346.9179
55.24445: -0.2468517,0.9172443,1.551912,12.47814
Tutorial Bubble: Sphere Clicked
55.68889: -0.07914007,0.9231238,1.534818,25.41734
Tutorial Bubble: Sphere (1) Clicked
56.13334: 0.1163205,0.9640987,1.542162,28.03654
56.57778: 0.1424209,0.9519992,1.558337,17.56448
57.02222: 0.07743928,0.934863,1.54948,345.7274
57.46667: -0.002869918,0.8670236,1.539465,275.9064
57.91111: -0.01076782,0.9045625,1.545352,231.1548
58.35556: 0.07026334,0.9368145,1.556588,209.6727
58.8: 0.1933393,0.9215253,1.544802,198.6053
59.24445: 0.247935,0.945973,1.542297,185.4088
59.68889: 0.1969676,1.068616,1.542933,183.2328
60.13334: 0.1518756,1.13914,1.540487,202.361
60.57778: 0.1653036,1.125915,1.539523,196.9643
61.02222: 0.1744851,1.11165,1.536216,184.1517
61.46667: 0.1543977,1.114606,1.537948,191.4322
61.91111: 0.1406471,1.12052,1.542375,188.01
62.35556: 0.08510892,1.092481,1.537315,196.2886
62.8: -0.04533505,0.9630678,1.534776,234.1741
63.24445: -0.2501442,0.8383713,1.507258,253.0158
63.68889: -0.5111272,0.742743,1.527586,244.3074
64.13333: -0.708998,0.5925891,1.536094,245.1034
64.57778: -0.9091252,0.4727403,1.540036,245.691
65.02222: -1.162581,0.4026759,1.544044,239.8157
Distance to Expected Destination: 0.7562914
Trail Result: Fail at object: TutorialDestination | Time Spent: -2.147484E+09
Trail No.:-1 Ends
Trail No.:0 Begins
78.06667: -0.02902665,-0.7764739,1.542337,356.8387
78.51112: -0.03882214,-0.7810773,1.545469,357.42
78.95556: -0.04275081,-0.7949526,1.546017,357.2892
79.4: -0.04662121,-0.7986909,1.548064,358.4305
79.84444: -0.04549811,-0.7954737,1.547182,358.6774
80.28889: -0.0448887,-0.7960963,1.546904,357.8011
80.73334: -0.0434313,-0.7989184,1.54719,358.6089
81.17778: -0.04334194,-0.7987783,1.547489,359.2855
81.62222: -0.04312118,-0.8031241,1.547215,358.524
82.06667: -0.04183121,-0.805631,1.547367,359.2029
82.51112: -0.04273275,-0.8065161,1.547314,359.1657
82.95556: -0.04458572,-0.806412,1.547743,0.07681201
83.4: -0.04735072,-0.8024445,1.548607,359.5087
83.84444: -0.04444338,-0.8032296,1.54676,358.6797
84.28889: -0.04228421,-0.8081867,1.54736,358.859
84.73334: -0.04435397,-0.8142017,1.546595,359.2091
85.17778: -0.05244998,-0.8229561,1.545922,358.8993
85.62222: -0.05448637,-0.8196543,1.54472,358.7404
86.06667: -0.05391609,-0.8108001,1.545198,358.4706
86.51112: -0.05035247,-0.8025025,1.545034,358.8666
86.95556: -0.05015045,-0.7961532,1.545256,358.0814
87.4: -0.05029876,-0.7906324,1.545299,357.6081
87.84444: -0.05438729,-0.7683693,1.54446,355.5974
88.28889: -0.06794483,-0.7346128,1.552782,348.3271
88.73334: -0.09444866,-0.7075363,1.532436,346.0474
89.17778: -0.08183763,-0.7003654,1.528928,357.224
89.62222: -0.06190255,-0.7309722,1.525189,4.200306
Learning Tutorial: user selects target -1 position
90.06667: -0.06038821,-0.7496471,1.531445,2.768751
90.51112: -0.06096152,-0.7673112,1.54276,358.2577
90.95556: -0.05613246,-0.7825233,1.544103,357.7722
91.4: -0.04910035,-0.7904749,1.544258,357.0757
91.84444: -0.04016726,-0.8023115,1.544817,357.2564
92.28889: -0.03463865,-0.7976587,1.545939,358.227
92.73334: -0.03736462,-0.7931151,1.545225,358.4957
93.17778: -0.04222955,-0.7911247,1.544977,359.1675
93.62222: -0.04070233,-0.7886877,1.544186,359.2721
94.06667: -0.04353675,-0.7962614,1.545226,358.8104
94.51112: -0.04885626,-0.8086255,1.544279,358.3922
94.95556: -0.05454785,-0.8151643,1.546472,358.7168
95.4: -0.05798493,-0.8132327,1.544617,359.2613
95.84444: -0.05815424,-0.8134962,1.544612,358.5548
96.28889: -0.05353712,-0.8077803,1.544364,358.9828
96.73334: -0.05043375,-0.8031666,1.543891,358.5123
97.17778: -0.04957396,-0.8044891,1.543974,358.3789
97.62222: -0.05125067,-0.8100311,1.544213,359.1325
98.06667: -0.0493824,-0.8087935,1.54377,358.2715
98.51112: -0.04877881,-0.8018509,1.543473,358.0244
Learning Tutorial: user selects target -1 position
98.95556: -0.05058493,-0.7914951,1.544123,357.3627
99.4: -0.04948746,-0.7877482,1.546453,358.0714
99.84444: -0.04568101,-0.7878614,1.545336,357.3894
100.2889: -0.04352943,-0.7855991,1.5442,357.796
100.7333: -0.04241287,-0.7837224,1.543994,358.0977
101.1778: -0.04329887,-0.7853502,1.543983,357.6694
101.6222: -0.04599638,-0.7929516,1.545379,358.4182
102.0667: -0.0515392,-0.7959338,1.544747,358.2218
102.5111: -0.05548754,-0.7975773,1.545156,358.5525
102.9556: -0.05925424,-0.8024004,1.5453,359.0036
103.4: -0.06514659,-0.8082684,1.545158,359.3143
103.8444: -0.06836456,-0.8160435,1.544876,359.2313
104.2889: -0.0657023,-0.8226596,1.545016,359.7019
104.7333: -0.06043367,-0.8293507,1.545161,359.5315
105.1778: -0.05862262,-0.8297486,1.545426,359.363
105.6222: -0.05779912,-0.816303,1.544542,358.9431
106.0667: -0.05395438,-0.7943633,1.543574,358.2299
Learning Tutorial: user starts reading map for 10 seconds
106.5111: -0.05558884,-0.7810899,1.543238,358.0236
106.9556: -0.05741146,-0.7765468,1.5437,358.124
107.4: -0.05612154,-0.7711793,1.54292,357.7432
107.8444: -0.05117647,-0.7713708,1.543768,358.9332
108.2889: -0.0488751,-0.7730871,1.543733,0.6007884
108.7333: -0.04682247,-0.7766223,1.544087,1.16834
109.1778: -0.04806032,-0.7831903,1.544378,0.05800109
109.6222: -0.04744984,-0.7867882,1.543345,359.9299
110.0667: -0.04755341,-0.7822721,1.543265,359.655
110.5111: -0.04865265,-0.7756194,1.543586,359.7557
110.9556: -0.04979134,-0.7741376,1.543675,359.4604
111.4: -0.04919706,-0.7779236,1.544932,359.5107
111.8444: -0.04953552,-0.7832,1.546042,359.3511
112.2889: -0.04852497,-0.785926,1.54572,359.2997
112.7333: -0.04902431,-0.7913557,1.54499,359.0519
113.1778: -0.05320531,-0.7985783,1.544439,359.2074
113.6222: -0.05951318,-0.7969865,1.544213,359.3398
114.0667: -0.06446896,-0.7892982,1.543563,359.4698
114.5111: -0.06552619,-0.787913,1.543176,359.8221
114.9556: -0.06333899,-0.7825381,1.543346,359.598
115.4: -0.06176824,-0.7758882,1.543065,0.6040936
115.8444: -0.041092,-0.7643019,1.54692,26.07646
116.2889: 0.002035474,-0.7687538,1.545614,58.52353
116.7333: 0.08035496,-0.7744188,1.536801,68.88328
117.1778: 0.1461267,-0.7079436,1.530361,80.13089
117.6222: 0.2183265,-0.5979463,1.532393,82.72533
118.0667: 0.3891631,-0.5574015,1.527135,75.07172
118.5111: 0.5705422,-0.5251636,1.533096,68.59214
118.9556: 0.7296939,-0.4196964,1.531053,72.67632
119.4: 0.9006016,-0.3027553,1.53478,77.29549
119.8444: 1.117248,-0.2646239,1.532768,71.20654
120.2889: 1.332445,-0.2108093,1.527827,69.92326
120.7333: 1.519806,-0.1029445,1.525923,78.70625
121.1778: 1.686139,-0.06441075,1.528358,74.37605
Learning Tutorial: user selects target 0 position
121.6222: 1.793219,-0.06010621,1.532622,66.14327
122.0667: 1.797221,-0.01536953,1.534584,51.1191
122.5111: 1.761396,0.02397933,1.530402,11.09697
122.9556: 1.774935,-0.005285559,1.527819,324.9248
123.4: 1.728678,-0.09640147,1.535834,308.1805
123.8444: 1.626704,-0.1834451,1.534275,309.7388
124.2889: 1.556145,-0.2268943,1.527593,303.9465
124.7333: 1.442372,-0.2236061,1.521319,268.9388
125.1778: 1.33526,-0.2379398,1.511271,242.8618
125.6222: 1.202149,-0.3391103,1.517016,257.0475
126.0667: 1.055658,-0.3620208,1.523829,325.1604
126.5111: 0.8630731,-0.3770454,1.532788,333.0949
126.9556: 0.6554924,-0.4669088,1.534225,338.4301
127.4: 0.4876878,-0.5153933,1.532604,340.3351
127.8444: 0.3954316,-0.4496002,1.531051,342.7445
128.2889: 0.304662,-0.4067028,1.532911,348.2185
128.7333: 0.1177843,-0.3542551,1.539615,354.0006
129.1778: 0.03690675,-0.3136821,1.532964,0.4279391
129.6222: 0.0810478,-0.3033801,1.536111,355.6892
130.0667: 0.1432553,-0.3060664,1.534672,352.738
130.5111: 0.1452534,-0.3071068,1.537143,353.549
Learning Tutorial: user starts reading map for 10 seconds
130.9556: 0.110997,-0.2831391,1.54311,354.9694
131.4: 0.08679072,-0.2629683,1.542201,355.9154
131.8445: 0.07974207,-0.2564433,1.541198,356.6992
132.2889: 0.08466808,-0.2549208,1.540128,356.2807
132.7333: 0.08993207,-0.252784,1.540329,356.3459
133.1778: 0.0962119,-0.2432983,1.540562,355.7486
133.6222: 0.1052522,-0.2352264,1.540633,355.7999
134.0667: 0.1159262,-0.2286968,1.540093,355.9145
134.5111: 0.1265087,-0.2359929,1.540313,355.5602
134.9556: 0.1348493,-0.2413267,1.539851,355.3112
135.4: 0.1393643,-0.2467206,1.540047,355.7104
135.8445: 0.1373366,-0.2515931,1.539468,356.1234
136.2889: 0.1338368,-0.252926,1.539336,357.1873
136.7333: 0.1401045,-0.2568594,1.53837,9.07755
137.1778: 0.1325216,-0.2458755,1.538359,6.336795
137.6222: 0.1247312,-0.2306423,1.53857,0.4931708
138.0667: 0.1078921,-0.2320125,1.540118,345.737
138.5111: 0.1207865,-0.2355398,1.538191,357.6443
138.9556: 0.1370246,-0.2439311,1.535632,22.87075
139.4: 0.1173539,-0.2258986,1.537624,10.74525
139.8445: 0.1039881,-0.2164189,1.537039,354.7307
140.2889: 0.05456905,-0.2152484,1.536383,337.273
140.7333: 0.05112705,-0.2163667,1.533767,315.7674
141.1778: 0.1012127,-0.2242746,1.532071,296.8539
141.6222: 0.02952334,-0.2497836,1.529337,281.9362
142.0667: -0.1568927,-0.2595285,1.526546,288.0825
142.5111: -0.4030576,-0.1706774,1.519379,291.7217
142.9556: -0.68423,-0.08324173,1.534805,287.2992
143.4: -0.9834794,-0.05852687,1.540627,294.3534
143.8445: -1.233072,0.05769647,1.528122,294.2621
144.2889: -1.45744,0.1848488,1.543916,291.2321
144.7333: -1.695633,0.2602972,1.550614,299.4518
145.1778: -1.901085,0.3459565,1.541092,303.8044
145.6222: -2.052032,0.4476899,1.542226,298.2685
Learning Tutorial: user selects target 1 position
146.0667: -2.181738,0.480292,1.55075,321.1784
146.5111: -2.189533,0.4519469,1.551846,24.16017
146.9556: -2.0901,0.2886195,1.554604,55.79842
147.4: -1.958826,0.1965448,1.54755,52.18306
147.8445: -1.74645,0.2230682,1.548334,49.41511
148.2889: -1.520202,0.1800961,1.539583,61.24621
148.7333: -1.297169,0.05841993,1.539416,41.70366
149.1778: -1.026796,-0.05191623,1.515931,63.68949
149.6222: -0.7527654,-0.1214399,1.523765,80.07631
150.0667: -0.5213134,-0.2163656,1.531305,54.42978
150.5111: -0.3562899,-0.2240864,1.524884,12.73732
150.9556: -0.1878831,-0.2332042,1.530099,2.920196
151.4: -0.03611781,-0.3285285,1.512771,347.1847
151.8445: -0.03887233,-0.4255827,1.494117,349.4381
152.2889: -0.1351902,-0.5345204,1.473666,355.4435
152.7333: -0.1407507,-0.5573126,1.478642,5.232729
153.1778: -0.07344482,-0.4483632,1.500428,359.538
153.6222: 0.006094221,-0.2743534,1.535239,357.9859
154.0667: -0.02765489,-0.1945747,1.543178,357.7814
154.5111: 0.003109183,-0.1671172,1.543204,357.2624
154.9556: 0.0186079,-0.1648968,1.542272,358.2863
155.4: 0.01249172,-0.1727465,1.540802,356.1858
Learning Tutorial: user starts reading map for 10 seconds
155.8445: 0.01375626,-0.1880485,1.541828,357.8438
156.2889: 0.01305526,-0.2036226,1.542482,358.7631
156.7333: 0.008769393,-0.2131467,1.542671,0.2942076
157.1778: 0.005030725,-0.2112747,1.541766,0.6323107
157.6222: 0.002076484,-0.2061477,1.541855,0.3233089
158.0667: 0.0006814264,-0.2005448,1.541862,359.978
158.5111: 0.001220051,-0.1948563,1.541803,359.9131
158.9556: 0.006011259,-0.1885332,1.542174,359.6342
159.4: 0.01765242,-0.1764206,1.541983,359.8672
159.8445: 0.03021928,-0.164822,1.543228,0.4171288
160.2889: 0.03805963,-0.1601553,1.543701,1.070681
160.7333: 0.04431391,-0.1631457,1.542034,0.4719934
161.1778: 0.04282249,-0.1822335,1.542727,359.8828
161.6222: 0.03365477,-0.206119,1.541373,359.7937
162.0667: 0.0201593,-0.2224541,1.542116,359.2977
162.5111: 0.00966271,-0.2277465,1.54268,359.1364
162.9556: 0.001180299,-0.2230404,1.54283,358.4403
163.4: -0.005076479,-0.2160155,1.542849,358.2823
163.8445: -0.01352901,-0.2096908,1.541892,358.2846
164.2889: -0.01306878,-0.2123958,1.54136,357.671
164.7333: -0.01262586,-0.2084897,1.5425,357.405
165.1778: -0.03831036,-0.1442917,1.537092,359.9847
165.6222: -0.009115152,-0.0002984684,1.520988,6.764614
166.0667: 0.1082893,0.2012531,1.538155,2.896798
166.5111: 0.1513639,0.4046706,1.526819,2.890418
166.9556: 0.131902,0.6406232,1.535212,5.550914
167.4: 0.1446382,0.8482751,1.521908,3.7913
167.8445: 0.1916813,1.097084,1.540893,-0.003362888
168.2889: 0.1599346,1.236815,1.541611,3.369627
Learning Tutorial: user selects target 2 position
168.7333: 0.1464462,1.320066,1.546166,6.111041
169.1778: 0.1664804,1.320316,1.548628,353.4823
169.6222: 0.1865639,1.301661,1.532146,326.2731
170.0667: 0.1833573,1.179638,1.528154,336.1044
170.5111: 0.1007536,0.9704497,1.523624,352.6539
170.9556: 0.1196617,0.7609779,1.5336,333.8683
171.4: 0.1792815,0.5508977,1.516489,288.8398
171.8445: 0.2097161,0.3452386,1.501415,262.1679
172.2889: 0.245635,0.1164438,1.482847,256.8302
172.7333: 0.1585072,0.01745121,1.472835,262.8801
173.1778: -0.009628838,-0.01080228,1.493866,274.133
173.6222: -0.1442357,-0.052035,1.475255,326.1915
174.0667: -0.1909398,-0.1111145,1.46697,353.9805
174.5111: -0.1465303,-0.217182,1.45286,353.5973
174.9556: -0.1274481,-0.2831737,1.455387,355.274
175.4: -0.1494528,-0.264972,1.513561,4.573652
175.8445: -0.1038809,-0.2263294,1.526628,4.82569
176.2889: 0.008654539,-0.1706331,1.532022,354.6284
176.7333: 0.02824487,-0.1210946,1.53578,358.1909
Learning Tutorial: user starts reading map for 10 seconds
177.1778: 0.008390021,-0.08825134,1.540693,359.752
177.6222: -0.0004732013,-0.07644904,1.539484,359.4506
178.0667: 0.003395811,-0.08201982,1.538959,358.9535
178.5111: 0.001966771,-0.09239671,1.539341,358.2847
178.9556: 0.001371171,-0.09939843,1.54069,357.745
179.4: 0.002906416,-0.09767064,1.540394,357.8477
179.8445: 0.005781975,-0.0900266,1.540637,357.7741
180.2889: 0.007268272,-0.09056947,1.541324,357.6606
180.7333: 0.007998418,-0.09719555,1.541619,357.7514
181.1778: 0.00692774,-0.1027642,1.541424,357.8104
181.6222: 0.004890077,-0.1005895,1.541829,358.015
182.0667: 0.001825936,-0.08973069,1.541179,358.429
182.5111: -0.001970254,-0.08756422,1.541221,358.3165
182.9556: -0.005878974,-0.09279811,1.540508,358.5081
183.4: -0.01445239,-0.104157,1.544707,358.0614
183.8445: -0.01852342,-0.1071865,1.543874,359.6978
184.2889: -0.02260425,-0.1104468,1.544926,1.764514
184.7333: -0.01835032,-0.1043462,1.540658,6.78322
185.1778: -0.01808999,-0.09841826,1.543512,9.219226
185.6222: -0.01531078,-0.08824082,1.543833,9.278599
186.0667: -0.0186753,-0.07556267,1.543431,4.642257
186.5111: -0.00681763,-0.03688093,1.544299,22.96311
186.9556: -0.04544272,-0.04310837,1.542122,33.41894
187.4: -0.08052608,-0.03848515,1.546396,35.23177
187.8445: -0.09441587,-0.04688935,1.543266,33.68252
188.2889: -0.08310191,-0.05130766,1.547484,32.04336
188.7333: -0.02909855,-0.09575689,1.546156,39.81086
189.1778: 0.09477957,-0.1813756,1.538391,73.09626
189.6222: 0.2255165,-0.2524942,1.538755,103.213
190.0667: 0.3866745,-0.2459122,1.539355,113.5878
190.5111: 0.53017,-0.300178,1.524285,123.3367
190.9556: 0.6731415,-0.4499993,1.53352,124.0526
191.4: 0.8479152,-0.5834469,1.527916,123.2933
191.8445: 1.043141,-0.6673253,1.527207,128.6984
192.2889: 1.189445,-0.7958611,1.516669,130.2361
192.7333: 1.304357,-0.9459105,1.522634,124.4017
193.1778: 1.438033,-1.003507,1.529971,125.4293
Learning Tutorial: user selects target 3 position
193.6222: 1.566873,-1.005357,1.528246,132.8043
194.0667: 1.640815,-1.006898,1.529022,121.514
194.5111: 1.675977,-1.041337,1.5368,80.1418
194.9556: 1.635383,-1.080421,1.531611,14.23487
195.4: 1.556786,-1.090639,1.544437,337.8848
195.8445: 1.430282,-1.080294,1.523693,330.9066
196.2889: 1.291823,-0.9742093,1.50769,313.7874
196.7333: 1.157781,-0.8303629,1.501328,294.2037
197.1778: 0.950773,-0.7403549,1.490516,290.203
197.6222: 0.7010396,-0.6637558,1.514069,302.8657
198.0667: 0.5029334,-0.4701399,1.517963,315.2055
198.5111: 0.3597148,-0.2773585,1.534325,337.3008
198.9556: 0.1993895,-0.1801384,1.537643,354.4383
199.4: 0.117443,-0.1334538,1.543663,356.0027
Learning Tutorial: user starts reading map for 10 seconds
199.8445: 0.1408259,-0.1664253,1.537363,353.579
200.2889: 0.151316,-0.1738926,1.53861,352.945
200.7333: 0.1512375,-0.1760682,1.538985,354.5894
201.1778: 0.148287,-0.1708007,1.538857,355.2688
201.6222: 0.1478573,-0.1704805,1.538015,355.3995
202.0667: 0.1518076,-0.1626282,1.539563,354.1685
202.5111: 0.1599678,-0.1483634,1.540106,353.4507
202.9556: 0.1649194,-0.1376963,1.540166,352.7616
203.4: 0.1697624,-0.1341048,1.54016,353.3191
203.8445: 0.173951,-0.1319798,1.540365,353.3488
204.2889: 0.1786646,-0.1310087,1.538662,352.6412
204.7333: 0.1798197,-0.1334899,1.539045,352.5829
205.1778: 0.177273,-0.1381537,1.539215,352.2975
205.6222: 0.1745693,-0.1424712,1.539455,352.2009
206.0667: 0.1739369,-0.147052,1.539026,351.6772
206.5111: 0.1735566,-0.148908,1.538974,351.5324
206.9556: 0.1705806,-0.1496157,1.539268,352.2255
207.4: 0.1721605,-0.1450134,1.538073,359.0913
207.8445: 0.176156,-0.1349207,1.537146,1.5614
208.2889: 0.1560043,-0.1290184,1.540312,337.3355
208.7333: 0.1585615,-0.1235077,1.538073,340.5307
209.1778: 0.120441,-0.1040181,1.536814,346.4619
209.6222: 0.04460815,-0.03219882,1.527843,345.5143
210.0667: 0.006664321,0.134097,1.515965,343.0515
210.5111: -0.02243718,0.3554079,1.532779,337.928
210.9556: -0.1443396,0.5651057,1.52959,340.9628
211.4: -0.2761628,0.8015614,1.537136,344.2146
211.8445: -0.3087875,1.048859,1.535436,342.6748
212.2889: -0.4015255,1.268209,1.528354,340.2835
212.7333: -0.5230005,1.439879,1.538346,348.0258
213.1778: -0.5808052,1.585444,1.531709,344.2982
213.6222: -0.5987307,1.765488,1.537624,339.1485
214.0667: -0.6361985,1.891752,1.53665,341.4487
214.5111: -0.7204636,1.997822,1.540728,352.4087
Learning Tutorial: user selects target 4 position
214.9556: -0.7889307,2.05243,1.5377,356.9199
215.4: -0.8352531,2.080428,1.534506,354.9367
215.8445: -0.8340529,2.102336,1.538449,3.706587
216.2889: -0.7820808,2.070254,1.54311,27.51026
216.7333: -0.7027597,1.966301,1.54508,64.79044
217.1778: -0.6928275,1.880429,1.528419,103.8064
217.6222: -0.7046801,1.848963,1.529686,141.3855
218.0667: -0.7821308,1.73033,1.527509,151.1614
218.5111: -0.8302382,1.523794,1.533715,153.5292
218.9556: -0.7654626,1.261004,1.53011,157.8498
219.4: -0.7267849,1.000463,1.530407,162.6424
219.8445: -0.7161148,0.695262,1.528106,150.4219
220.2889: -0.5848009,0.4320985,1.509099,138.4629
220.7333: -0.4252934,0.2347807,1.521771,118.3301
221.1778: -0.2970005,0.07961416,1.533457,53.30695
221.6222: -0.2371477,0.03321732,1.536452,8.5737
222.0667: -0.11417,0.003307677,1.53994,357.4315
222.5111: 0.02682949,-0.07666884,1.537474,354.493
222.9556: 0.03955546,-0.1076288,1.543662,352.9225
223.4: 0.03284665,-0.1002903,1.544246,356.2061
223.8445: 0.01923228,-0.1067001,1.543024,353.1683
224.2889: 0.006931237,-0.12719,1.545234,354.3045
224.7333: -0.01040635,-0.1480869,1.549305,354.9885
Trail Result: Success object: Learning Phase | Time Spent: -2.147484E+09
Trail No.:0 Ends
User starts reading map for 1 seconds.
Trail No.:37 Begins
240.4667: 0.0297605,-0.3190828,1.540704,354.8813
240.9111: 0.02202089,-0.3131645,1.539939,357.0143
241.3556: 0.003472596,-0.2765414,1.538465,0.5892855
241.8: 0.01970496,-0.1674491,1.529099,16.19898
242.2444: 0.1866586,0.01068551,1.538173,20.23075
242.6889: 0.3362067,0.2233513,1.522873,17.78272
243.1333: 0.4683353,0.5339038,1.536302,24.50523
243.5778: 0.6506902,0.8034761,1.531731,25.18844
244.0222: 0.7750672,1.065778,1.524357,20.15457
244.4667: 0.8610526,1.319371,1.536486,24.59003
244.9111: 0.9839512,1.531101,1.534134,19.06054
245.3556: 1.05067,1.684099,1.536979,12.76446
Distance to Expected Destination: 2.452508
Trail Result: Fail at object: Level1EndingPoint | Time Spent: 5.354408
Trail No.:37 Ends
User starts reading map for 1 seconds.
Trail No.:17 Begins
262.4333: 0.003510885,-0.2059878,1.540217,357.5461
262.8778: 0.01590409,-0.2062747,1.542168,355.8138
263.3222: 0.0009667352,-0.2237777,1.550602,315.6277
263.7667: -0.05381678,-0.3582639,1.550029,257.0294
264.2111: -0.1480197,-0.5043373,1.537592,235.6794
264.6555: -0.3153572,-0.6214673,1.518304,218.8446
265.1: -0.5355445,-0.7762594,1.530989,218.3319
265.5445: -0.6987772,-1.047354,1.538721,221.1929
265.9889: -0.8840396,-1.28095,1.52103,221.4919
266.4333: -1.058276,-1.519821,1.532581,219.7104
266.8778: -1.165463,-1.757007,1.546694,228.2161
267.3222: -1.290012,-1.864516,1.544903,228.5755
267.7667: -1.407826,-1.928055,1.547657,229.9016
Distance to Expected Destination: 0.1804092
Trail Result: Success object: Level1EndingPoint | Time Spent: 5.965309
Trail No.:17 Ends
User starts reading map for 1 seconds.
Trail No.:19 Begins
278.6111: -0.0270582,-0.2382391,1.541572,1.131755
279.0556: -0.02564329,-0.2351352,1.541848,359.8358
279.5: -0.04214834,-0.2203762,1.540385,359.0683
279.9445: -0.05786532,-0.1973415,1.540231,8.273477
280.3889: -0.06985383,-0.1784584,1.536459,12.24198
280.8333: -0.08818129,-0.1497716,1.525448,12.94858
281.2778: -0.05342146,-0.04259849,1.525643,10.0753
281.7222: 0.04632357,0.1379198,1.53235,9.268427
282.1667: 0.06296875,0.2503203,1.539599,7.164902
282.6111: 0.02085298,0.3749371,1.531962,5.992878
283.0556: 0.08514763,0.5561423,1.524306,11.93339
283.5: 0.1656811,0.8121063,1.530252,14.80298
283.9445: 0.1705181,1.087246,1.540126,21.21205
284.3889: 0.2302394,1.312006,1.5193,24.88243
284.8333: 0.3480795,1.556822,1.535635,21.28438
285.2778: 0.3883814,1.82295,1.527355,25.53149
285.7222: 0.4288157,2.003049,1.528389,29.65089
286.1667: 0.5354246,2.159605,1.533001,23.25069
Distance to Expected Destination: 1.107933
Trail Result: Fail at object: Level1EndingPoint | Time Spent: 8.230556
Trail No.:19 Ends
User starts reading map for 1 seconds.
Trail No.:33 Begins
299.9778: 0.07284056,-0.1190692,1.541564,353.753
300.4222: 0.06939426,-0.1042562,1.541505,354.1003
300.8667: 0.07116218,-0.07744645,1.542078,345.0565
301.3111: 0.04613755,-0.04471774,1.531968,328.0897
301.7556: -0.1155183,0.03638037,1.534471,325.7787
302.2: -0.2901436,0.199564,1.514171,325.04
302.6444: -0.48221,0.4824231,1.525464,317.7274
303.0889: -0.7200545,0.7091985,1.523011,317.7883
303.5334: -0.9473891,0.9771676,1.514699,320.9395
303.9778: -1.131579,1.277763,1.52611,316.7936
304.4222: -1.374267,1.509045,1.530909,320.4952
304.8667: -1.553744,1.744741,1.520964,322.8946
305.3111: -1.727136,1.948501,1.534377,322.8418
305.7556: -1.893704,2.055939,1.546842,332.3492
Distance to Expected Destination: 3.218279
Trail Result: Fail at object: Level1EndingPoint | Time Spent: 6.587555
Trail No.:33 Ends
User starts reading map for 1 seconds.
Trail No.:45 Begins
317.7444: -0.03372801,-0.2220318,1.5422,3.71073
318.1889: -0.02433771,-0.216658,1.542724,2.807792
318.6333: -0.01799003,-0.2115265,1.545736,357.455
319.0778: -0.06242941,-0.200832,1.537952,337.5759
319.5222: -0.2186067,-0.1412055,1.53247,336.1385
319.9667: -0.4264876,-0.02006613,1.533786,326.2148
320.4111: -0.6086507,0.162366,1.531446,314.0112
320.8556: -0.7929775,0.3294788,1.53303,308.1358
321.3: -1.026676,0.466806,1.544258,313.4603
321.7444: -1.201707,0.6377584,1.522201,316.7001
322.1889: -1.360339,0.8316321,1.539235,316.8903
322.6333: -1.583938,0.972712,1.531639,326.3276
323.0778: -1.784192,1.084503,1.547514,332.7908
323.5222: -1.840098,1.171124,1.547035,332.0019
Distance to Expected Destination: 0.832089
Trail Result: Fail at object: Level1EndingPoint | Time Spent: 6.498272
Trail No.:45 Ends
