Participant Name: Tets
Participant Gender: 1
Participant ID: 1
Test Date: 1
Navi Mode: full
Trail No.:-1 Begins
46.2: 0,0,-0.09999999,0
47: 0,0,-0.09999999,0
47.8: 0,0,-0.09999999,0
48.6: 0,0,-0.09999999,0
49.4: 0,0,-0.09999999,0
50.2: 0,0,-0.09999999,0
51: 0,0,-0.09999999,0
51.8: 0,0,-0.09999999,0
52.6: 0,0,-0.09999999,0
53.4: 0,0,-0.09999999,0
54.2: 0,0,-0.09999999,0
55: 0,0,-0.09999999,0
55.8: 0,0,-0.04,0
56.6: 0,0,-0.04,0
57.4: 0,0,-0.04,0
58.2: 0,0,-0.04,0
59: 0,0,-0.04,0
59.8: 0,0,-0.04,0
60.6: 0,0,-0.04,0
61.4: 0,0,-0.04,0
62.2: 0,0,-0.04,0
63: 0,0,-0.04,0
Tutorial Bubble: Sphere (1) Clicked
63.8: 0,0,-0.04,0
64.6: 0,0,-0.04,0
65.4: 0,0,-0.04,0
66.2: 0,0,-0.04,0
67: 0,0,-0.04,0
67.8: 0,0,-0.04,0
68.6: 0,0,-0.04,0
69.4: 0,0,-0.04,0
70.2: 0,0,-0.04,0
71: 0,0,-0.04,0
71.8: 0,0,-0.04,0
72.6: 0,0,-0.04,0
73.4: 0,0,-0.09999999,0
74.2: 0,0,-0.12,0
75: 0,0,-0.14,0
Tutorial Bubble: Sphere Clicked
75.8: 0,0,-0.14,0
76.6: 0,0,-0.14,0
77.4: 0,0,-0.14,0
78.2: 0,0,-0.14,0
79: 0,0,-0.14,0
79.8: 0,0,-0.14,0
80.6: 0,0,-0.14,0
81.4: 0,0,-0.14,0
82.2: 0,0,-0.14,0
83: 0,0,-0.14,0
83.8: 0,0,-0.14,0
Tutorial Bubble: Sphere (2) Clicked
84.6: 0,0,-0.14,0
85.4: 0,0,-0.14,0
86.2: 0,0,-0.14,0
87: 0,0,-0.14,0
87.8: 0,0,-0.14,0
88.6: 0,0,-0.14,0
89.4: 0,0,-0.14,0
90.2: 0,0,-0.14,0
91: 0,0,-0.14,0
91.8: 0,0,-0.14,0
92.6: 0,0,-0.14,0
93.4: 0,0,-0.14,0
94.2: 0,0,-0.14,0
95: 0,0,-0.14,0
95.8: 0,0,-0.14,0
96.6: 0,0,-0.14,0
97.4: 0,0,-0.14,0
98.2: 0,0,-0.14,0
Distance to Expected Destination: 0.2416336
Trail Result: Success object: TutorialDestination | Time Spent: -2.147484E+09
Trail No.:-1 Ends
Trail No.:0 Begins
114.06: 0,0,-0.14,0
114.86: 0,0,-0.14,0
115.66: 0,0,-0.14,0
116.46: 0,0,-0.14,0
117.26: 0,0,-0.14,0
118.06: 0,0,-0.14,0
118.86: 0,0,-0.14,0
119.66: 0,0,-0.14,0
120.46: 0,0,-0.14,0
121.26: 0,0,-0.14,0
122.06: 0,0,-0.14,0
122.86: 0,0,-0.14,0
123.66: 0,0,-0.14,0
124.46: 0,0,-0.14,0
125.26: 0,0,-0.14,0
126.06: 0,0,-0.14,0
126.86: 0,0,-0.14,0
127.66: 0,0,-0.14,0
128.46: 0,0,-0.14,0
129.26: 0,0,-0.14,0
130.06: 0,0,-0.14,0
130.86: 0,0,-0.14,0
Learning Tutorial: user starts reading map for 10 seconds
131.66: 0,0,-0.14,0
132.46: 0,0,-0.14,0
133.26: 0,0,-0.14,0
134.06: 0,0,-0.14,0
134.86: 0,0,-0.14,0
135.66: 0,0,-0.14,0
136.46: 0,0,-0.14,0
137.26: 0,0,-0.14,0
138.06: 0,0,-0.14,0
138.86: 0,0,-0.14,0
139.66: 0,0,-0.14,0
140.46: 0,0,-0.14,0
141.26: 0,0,-0.14,0
142.06: 0,0,-0.14,0
142.86: 0,0,-0.14,0
143.66: 0,0,-0.14,0
144.46: 0,0,-0.14,0
145.26: 0,0,-0.14,0
146.06: 0,0,-0.14,0
146.86: 0,0,-0.14,0
147.66: 0,0,-0.14,0
148.46: 0,0,-0.14,0
149.26: 0,0,-0.14,0
150.06: 0,0,-0.14,0
Learning Tutorial: user selects target 0 position
150.86: 0,0,-0.14,0
151.66: 0,0,-0.14,0
152.46: 0,0,-0.14,0
153.26: 0,0,-0.14,0
154.06: 0,0,-0.14,0
154.86: 0,0,-0.14,0
155.66: 0,0,-0.14,0
156.46: 0,0,-0.14,0
157.26: 0,0,-0.14,0
158.06: 0,0,-0.14,0
158.86: 0,0,-0.14,0
159.66: 0,0,-0.14,0
Learning Tutorial: user starts reading map for 10 seconds
160.46: 0,0,-0.14,0
161.26: 0,0,-0.14,0
162.06: 0,0,-0.14,0
162.86: 0,0,-0.14,0
163.66: 0,0,-0.14,0
164.46: 0,0,-0.14,0
165.26: 0,0,-0.14,0
166.06: 0,0,-0.14,0
166.86: 0,0,-0.14,0
167.66: 0,0,-0.14,0
168.46: 0,0,-0.14,0
169.26: 0,0,-0.14,0
170.06: 0,0,-0.14,0
170.86: 0,0,-0.14,0
171.66: 0,0,-0.14,0
172.46: 0,0,-0.14,0
173.26: 0,0,-0.14,0
174.06: 0,0,-0.14,0
174.86: 0,0,-0.14,0
175.66: 0,0,-0.14,0
Learning Tutorial: user selects target 1 position
176.46: 0,0,-0.14,0
177.26: 0,0,-0.14,0
178.06: 0,0,-0.14,0
178.86: 0,0,-0.14,0
179.66: 0,0,-0.14,0
180.46: 0,0,-0.14,0
181.26: 0,0,-0.14,0
182.06: 0,0,-0.14,0
182.86: 0,0,-0.14,0
183.66: 0,0,-0.14,0
184.46: 0,0,-0.14,0
185.26: 0,0,-0.14,0
186.06: 0,0,-0.14,0
186.86: 0,0,-0.14,0
187.66: 0,0,-0.14,0
188.46: 0,0,-0.14,0
189.26: 0,0,-0.14,0
190.06: 0,0,-0.14,0
190.86: 0,0,-0.14,0
191.66: 0,0,-0.14,0
192.46: 0,0,-0.09999999,0
193.26: 0,0,-0.02,0
194.06: 0,0,0.04,0
Learning Tutorial: user starts reading map for 10 seconds
194.86: 0,0,0.04,0
195.66: 0,0,0.04,0
196.46: 0,0,0.04,0
197.26: 0,0,0.04,0
198.06: 0,0,0.04,0
198.86: 0,0,0.04,0
199.66: 0,0,0.04,0
200.46: 0,0,0.04,0
201.26: 0,0,0.04,0
202.06: 0,0,0.04,0
202.86: 0,0,0.04,0
203.66: 0,0,0.04,0
204.46: 0,0,0.04,0
205.26: 0,0,0.04,0
206.06: 0,0,0.04,0
206.86: 0,0,0.04,0
207.66: 0,0,0.04,0
208.46: 0,0,0.04,0
209.26: 0,0,0.04,0
Learning Tutorial: user selects target 2 position
210.06: 0,0,0.04,0
210.86: 0,0,0.04,0
211.66: 0,0,0.04,0
212.46: 0,0,0.04,0
213.26: 0,0,0.04,0
214.06: 0,0,0.04,0
214.86: 0,0,0.04,0
215.66: 0,0,0.04,0
216.46: 0,0,0.04,0
217.26: 0,0,0.04,0
218.06: 0,0,0.04,0
218.86: 0,0,0.04,0
219.66: 0,0,0.04,0
220.46: 0,0,0.04,0
Learning Tutorial: user starts reading map for 10 seconds
221.26: 0,0,0.04,0
222.06: 0,0,0.04,0
222.86: 0,0,0.04,0
223.66: 0,0,0.04,0
224.46: 0,0,0.04,0
225.26: 0,0,0.04,0
226.06: 0,0,0.04,0
226.86: 0,0,0.04,0
227.66: 0,0,0.04,0
228.46: 0,0,0.04,0
229.26: 0,0,0.04,0
230.06: 0,0,0.04,0
230.86: 0,0,0.04,0
231.66: 0,0,0.04,0
232.46: 0,0,0.04,0
233.26: 0,0,0.04,0
234.06: 0,0,0.04,0
234.86: 0,0,0.04,0
235.66: 0,0,0.04,0
236.46: 0,0,0.04,0
237.26: 0,0,0.04,0
Learning Tutorial: user selects target 3 position
238.06: 0,0,0.04,0
238.86: 0,0,0.04,0
239.66: 0,0,0.04,0
240.46: 0,0,0.04,0
241.26: 0,0,0.04,0
242.06: 0,0,0.04,0
242.86: 0,0,0.04,0
243.66: 0,0,0.04,0
244.46: 0,0,0.04,0
245.26: 0,0,0.04,0
246.06: 0,0,0.04,0
246.86: 0,0,0.04,0
247.66: 0,0,0.04,0
Trail Result: Success object: Learning Phase | Time Spent: -2.147484E+09
Trail No.:0 Ends
User starts reading map for 7 seconds.
Trail No.:3 Begins
286.54: 0,0,0.04,0
287.34: 0,0,0.04,0
288.14: 0,0,0.04,0
288.94: 0,0,0.04,0
289.74: 0,0,0.04,0
290.54: 0,0,0.04,0
291.34: 0,0,0.04,0
292.14: 0,0,0.04,0
292.94: 0,0,0.04,0
Distance to Expected Destination: 3.892959
Trail Result: Fail at object: Level3EndingPoint | Time Spent: 7.253231
Trail No.:3 Ends
User starts reading map for 7 seconds.
Trail No.:1 Begins
316.76: 0,0,0.04,0
317.56: 0,0,0.04,0
318.36: 0,0,0.04,0
319.16: 0,0,0.04,0
319.96: 0,0,0.04,0
320.76: 0,0,0.04,0
321.56: 0,0,0.04,0
Distance to Expected Destination: 0.6393929
Trail Result: Fail at object: Level1EndingPoint | Time Spent: 5.770443
Trail No.:1 Ends
User starts reading map for 7 seconds.
Trail No.:2 Begins
343.1: 0,0,0.04,0
343.9: 0,0,0.04,0
344.7: 0,0,0.04,0
345.5: 0,0,0.04,0
346.3: 0,0,0.04,0
347.1: 0,0,0.04,0
347.9: 0,0,0.04,0
348.7: 0,0,0.04,0
349.5: 0,0,0.04,0
350.3: 0,0,0.04,0
Distance to Expected Destination: 3.446555
Trail Result: Fail at object: Level2EndingPoint | Time Spent: 8.183754
Trail No.:2 Ends
