Participant Name: Emily
Participant Gender: f
Participant ID: 31
Test Date: 831
Navi Mode: full
Trail No.:-1 Begins
44.41111: 0.03094384,0.1607783,1.547232,358.5517
44.85556: 0.02932484,0.1414402,1.584547,357.5582
45.3: 0.008660134,0.1237679,1.580735,340.1536
45.74445: -0.001863355,0.08816013,1.581258,313.4348
46.18889: 0.06149659,0.09895676,1.579602,7.450334
46.63334: 0.07291645,0.09231883,1.574727,29.98738
47.07778: 0.02325578,0.1100704,1.571299,352.5009
47.52222: 0.005035724,0.09837117,1.563668,333.8161
47.96667: 0.02846314,0.0629639,1.557279,341.6178
48.41111: 0.04448518,0.03573576,1.577869,353.5703
48.85556: 0.0575669,-0.02583702,1.585248,353.8408
49.3: 0.02821904,-0.1475529,1.564574,3.574768
49.74445: -0.003747767,-0.2696689,1.559903,353.1581
50.18889: 0.0158911,-0.2293489,1.560974,0.5228168
50.63334: 0.02823199,-0.1395868,1.577487,7.80836
51.07778: 0.006515279,-0.1646347,1.573383,356.2628
51.52222: 0.01347743,-0.1793821,1.570772,357.5278
51.96667: 0.01848838,-0.1885912,1.566184,358.871
52.41111: 0.01657629,-0.1953756,1.564925,355.7171
52.85556: 0.0206741,-0.2068369,1.561769,353.9379
53.3: 0.01482398,-0.1955715,1.570213,348.0975
53.74445: 0.02741431,-0.1925217,1.569529,356.9986
54.18889: 0.02149221,-0.1873126,1.567007,354.4077
54.63334: 0.02594997,-0.1891529,1.56543,355.5844
55.07778: 0.02638724,-0.1901416,1.563395,357.0019
55.52222: 0.03258737,-0.1926121,1.559442,359.0729
55.96667: 0.03652907,-0.1830213,1.558451,359.5516
56.41111: 0.06600308,-0.2040357,1.554031,20.56808
56.85556: 0.05928708,-0.2024705,1.546869,12.58314
57.3: 0.05648759,-0.0925599,1.5495,356.3511
57.74445: 0.05871853,0.07788782,1.538187,348.9037
58.18889: -0.02453749,0.3204331,1.501202,346.6331
58.63334: -0.1054284,0.5986205,1.512755,344.333
59.07778: -0.1206426,0.8304072,1.562201,342.2214
Tutorial Bubble: Sphere (2) Clicked
59.52222: -0.155049,0.9305054,1.575509,345.3674
59.96667: -0.1439655,0.9501022,1.571321,14.29591
Tutorial Bubble: Sphere Clicked
60.41111: -0.0791522,0.9420001,1.569506,40.66405
Tutorial Bubble: Sphere (1) Clicked
60.85556: 0.04775726,0.9448897,1.560423,52.02159
61.3: 0.1437976,0.9919988,1.573088,59.83105
61.74445: 0.2021738,1.027871,1.567471,108.4244
62.18889: 0.210331,1.046973,1.561276,134.0832
62.63334: 0.2042054,1.04846,1.586344,154.5842
63.07778: 0.1487272,1.071346,1.576668,180.863
63.52222: 0.1498753,1.084283,1.57662,203.0677
63.96667: 0.1986529,1.11764,1.58339,218.7867
64.41111: 0.2620325,1.14183,1.575236,200.6826
64.85556: 0.2560044,1.150608,1.572747,206.1272
65.3: 0.2499868,1.13863,1.571062,204.1728
65.74445: 0.2549651,1.135988,1.569886,193.6828
66.18889: 0.2493075,1.136924,1.566721,196.131
66.63333: 0.2605962,1.193274,1.53811,215.1573
67.07778: 0.3071241,1.217562,1.545161,200.1863
67.52222: 0.2578693,1.180623,1.562302,222.2313
67.96667: 0.07122256,1.099205,1.552403,240.3347
68.41111: -0.2264069,0.9921284,1.525063,244.0856
68.85556: -0.5067259,0.7911586,1.534794,243.347
69.3: -0.8011925,0.6136419,1.566595,245.0552
69.74445: -1.124588,0.494611,1.588503,243.7947
70.18889: -1.414711,0.3335534,1.596207,241.1393
Distance to Expected Destination: 0.6804979
Trail Result: Fail at object: TutorialDestination | Time Spent: -2.147484E+09
Trail No.:-1 Ends
Trail No.:0 Begins
94.8: 0.09347862,-0.2062729,1.528766,14.29966
95.24445: 0.09805936,-0.1989569,1.549133,10.35213
95.68889: 0.1008329,-0.2031363,1.582208,19.15121
96.13334: 0.0886887,-0.1754637,1.566599,6.80304
96.57778: 0.06598632,-0.1789917,1.585781,351.9907
97.02222: 0.06697781,-0.1889284,1.58503,356.1328
97.46667: 0.07664877,-0.2239076,1.569636,357.5852
97.91111: 0.08550216,-0.2357672,1.562402,357.4785
98.35556: 0.09090459,-0.2234388,1.573758,358.0467
98.8: 0.08094735,-0.1552319,1.557942,357.6243
99.24445: 0.06894715,-0.1277477,1.551596,358.5708
99.68889: 0.06300242,-0.1628707,1.564921,355.4589
100.1333: 0.070353,-0.1900534,1.565098,358.4137
100.5778: 0.08762358,-0.2092542,1.575446,1.22323
101.0222: 0.08552843,-0.1984964,1.580328,356.2144
101.4667: 0.05475126,-0.1904071,1.580547,345.5653
101.9111: 0.07158494,-0.1903206,1.58565,352.9081
102.3556: 0.07899847,-0.2002213,1.584036,354.537
102.8: 0.08770309,-0.207737,1.573388,355.0562
103.2444: 0.09880957,-0.1785358,1.560138,355.7893
103.6889: 0.06157044,0.005749984,1.549335,354.8686
104.1333: -0.02629793,0.2695574,1.581887,354.2855
104.5778: -0.03032454,0.5057313,1.589362,352.3451
105.0222: -0.04498373,0.6433847,1.605966,3.746853
105.4667: -0.06829518,0.6762107,1.609854,7.759014
105.9111: -0.07770938,0.6712638,1.608458,5.480747
106.3556: -0.08869085,0.6683265,1.606011,348.7122
106.8: -0.06918922,0.6686457,1.60453,350.7442
107.2444: -0.04198974,0.6578991,1.604163,2.700038
107.6889: -0.04341195,0.6668655,1.601119,349.7241
108.1333: -0.03038913,0.6793935,1.599404,3.291279
108.5778: -0.04682962,0.6812993,1.597352,346.0735
109.0222: -0.03459692,0.684028,1.597366,357.2342
109.4667: -0.04645564,0.6821177,1.602215,351.2358
109.9111: -0.04875132,0.676342,1.602389,353.6662
110.3556: -0.03455345,0.6773284,1.601151,3.617536
110.8: -0.0400742,0.6750565,1.600791,359.5353
111.2444: -0.04484721,0.6736534,1.600101,357.3179
111.6889: -0.04210482,0.6727877,1.599089,358.8885
112.1333: -0.0375693,0.6677459,1.598275,359.6138
112.5778: -0.04447565,0.676496,1.594176,353.724
113.0222: -0.04041778,0.6953989,1.589961,356.4046
113.4667: -0.03290055,0.702875,1.590207,359.6469
113.9111: -0.02825585,0.7104118,1.590253,1.05554
114.3556: -0.03927814,0.7092704,1.591524,354.8714
114.8: -0.04940841,0.7152789,1.583406,352.0118
115.2444: -0.04781378,0.7229538,1.575433,352.9553
115.6889: -0.04570971,0.7236634,1.575606,353.28
116.1333: -0.03524952,0.7177266,1.576796,355.8079
116.5778: -0.03138376,0.7109056,1.578818,355.2516
117.0222: -0.03537275,0.7017692,1.584225,352.2753
117.4667: -0.03628439,0.7026749,1.582623,353.6057
117.9111: -0.03602929,0.7000835,1.57944,354.233
118.3556: -0.03870894,0.6902357,1.576299,352.55
118.8: -0.03299108,0.6794907,1.580393,355.7301
119.2444: -0.03112728,0.6616406,1.581768,354.9547
119.6889: -0.0357184,0.6554357,1.56952,351.619
120.1333: -0.04062372,0.7227508,1.551358,354.8366
120.5778: -0.03515297,0.7853956,1.544517,1.40523
121.0222: -0.03333517,0.7983559,1.544314,0.7418983
121.4667: -0.02828484,0.7934008,1.54678,2.11011
121.9111: -0.02853812,0.7842385,1.549287,1.920137
122.3556: -0.03359951,0.7788219,1.550264,0.2363089
122.8: -0.04890501,0.7785481,1.550161,354.4087
123.2444: -0.05912428,0.7740722,1.553931,349.8719
123.6889: -0.05096393,0.7707231,1.557542,352.4224
124.1333: -0.03300783,0.7493713,1.56434,2.007921
124.5778: -0.02161587,0.7050799,1.572745,7.584031
125.0222: -0.02942583,0.6966661,1.553859,8.479875
125.4667: -0.04068235,0.6922176,1.550896,2.265417
125.9111: -0.04856282,0.6716938,1.584768,2.447773
126.3556: -0.04766552,0.6900339,1.590344,3.809888
126.8: -0.05581112,0.7290246,1.573044,1.629193
127.2444: -0.08009854,0.8212264,1.543586,359.6829
127.6889: -0.07711538,0.8552198,1.526504,4.844522
128.1333: -0.085585,0.8475376,1.526016,358.0575
128.5778: -0.08484778,0.834956,1.523797,356.9877
129.0222: -0.07370886,0.8386007,1.522183,359.2088
129.4667: -0.07206494,0.8356565,1.518813,359.9745
129.9111: -0.08926131,0.8250291,1.519159,352.7504
130.3556: -0.08614562,0.8258827,1.518479,353.2198
130.8: -0.07915212,0.8254101,1.519384,354.9457
131.2444: -0.07187974,0.8218647,1.520148,356.9368
131.6889: -0.07173798,0.8235926,1.519215,355.0966
132.1333: -0.06893425,0.8236737,1.517372,354.8273
132.5778: -0.06553881,0.8093593,1.524302,354.7313
133.0222: -0.05833314,0.796528,1.531339,356.7089
133.4667: -0.06051502,0.7948279,1.5343,355.0859
133.9111: -0.05875082,0.792542,1.536045,355.776
134.3556: -0.05284546,0.7702956,1.543137,357.4922
134.8: -0.0460281,0.7142179,1.554387,358.4901
135.2444: -0.04982879,0.6784067,1.555844,354.8296
135.6889: -0.04082708,0.6708465,1.558357,358.6754
136.1333: -0.03769656,0.6611321,1.558388,359.9512
136.5778: -0.03495203,0.6555767,1.559245,359.7357
137.0222: -0.04056173,0.6581653,1.557749,352.7441
137.4667: -0.03873685,0.6599829,1.552181,351.3467
137.9111: -0.02881335,0.6554307,1.553158,354.045
138.3556: -0.02168842,0.6512233,1.555737,358.1394
138.8: -0.02404349,0.6456758,1.557132,357.1456
139.2444: -0.02877577,0.651232,1.555158,355.7559
139.6889: -0.02354875,0.654449,1.552337,358.1455
140.1333: -0.0196166,0.6499977,1.541344,0.8222413
140.5778: -0.02557396,0.6506206,1.538318,355.8239
141.0222: -0.02493968,0.6433619,1.533531,354.7634
141.4667: -0.02382583,0.6295825,1.532134,355.8503
141.9111: -0.02031377,0.6310774,1.532584,356.5754
142.3556: -0.01731009,0.6301796,1.532871,355.114
142.8: -0.01454775,0.637961,1.53341,355.3516
143.2444: -0.01586828,0.6489387,1.533919,357.8434
143.6889: -0.02611608,0.6539864,1.533157,353.8101
144.1333: -0.02871869,0.6511717,1.533215,353.4789
144.5778: -0.02322581,0.6479803,1.532204,357.345
145.0222: -0.02881113,0.6512876,1.532594,353.2007
145.4667: -0.0371938,0.6689495,1.539839,350.1941
145.9111: -0.02448876,0.6788064,1.549053,357.009
146.3556: -0.02088727,0.6753892,1.542995,358.9465
146.8: -0.015089,0.6362048,1.51588,358.746
147.2444: -0.01651028,0.5927899,1.509557,351.0296
147.6889: -0.01008595,0.5979331,1.502877,352.3932
148.1333: -0.00648275,0.6169235,1.510954,356.1869
148.5778: -0.01182085,0.6312196,1.513298,354.2082
149.0222: -0.02104625,0.6473221,1.517599,349.877
149.4667: -0.01831217,0.6568819,1.521238,352.2584
149.9111: -0.01669457,0.6618103,1.520249,355.0295
150.3556: -0.0201752,0.6589875,1.52055,354.4128
150.8: -0.01825558,0.6569377,1.51998,355.4614
151.2444: -0.01550638,0.653535,1.518856,356.3398
151.6889: -0.0228463,0.6470358,1.510079,353.2145
152.1333: -0.0265344,0.6485205,1.50057,352.0763
152.5778: -0.02604368,0.6614832,1.515123,353.7378
153.0222: -0.02735391,0.6623137,1.57275,354.3867
153.4667: -0.0271999,0.6545995,1.591902,355.8355
153.9111: -0.02730199,0.6470186,1.594882,356.8737
154.3556: -0.01469139,0.637424,1.594138,2.31582
154.8: -0.01761474,0.6346837,1.595198,357.0216
155.2444: -0.01584893,0.6399622,1.594652,357.3016
155.6889: -0.01440409,0.6413165,1.594854,0.4903822
156.1333: -0.02188937,0.6381426,1.594025,356.3873
156.5778: -0.02357212,0.6368178,1.593834,357.2796
157.0222: -0.02297017,0.6373592,1.59345,358.9173
157.4667: -0.02416522,0.6412877,1.592333,356.9357
157.9111: -0.0270366,0.6457924,1.590629,355.0204
158.3556: -0.02415032,0.6485296,1.589854,356.5441
158.8: -0.02304174,0.6468059,1.589109,357.479
159.2444: -0.02828669,0.646386,1.587299,353.735
159.6889: -0.02772975,0.6516392,1.587126,354.6139
160.1333: -0.025589,0.6517537,1.587061,355.4954
160.5778: -0.02656054,0.6522279,1.585605,353.7492
161.0222: -0.0235603,0.647353,1.586606,354.9719
161.4667: -0.01823545,0.6436798,1.590977,0.4273381
161.9111: -0.01934979,0.6439077,1.590403,359.6644
162.3556: -0.01847806,0.6438106,1.590775,0.2869305
162.8: -0.02129226,0.642019,1.590292,358.2044
163.2444: -0.02253556,0.6443998,1.587195,358.67
163.6889: -0.02898957,0.6473429,1.584222,354.4655
164.1333: -0.03140244,0.6577806,1.583146,352.5283
164.5778: -0.02848286,0.6679025,1.582701,354.6462
165.0222: -0.02848424,0.6673261,1.582384,353.9572
165.4667: -0.02839076,0.6589959,1.581978,354.4798
165.9111: -0.0295702,0.6559085,1.580041,353.6995
166.3556: -0.02721617,0.656517,1.578358,355.1101
166.8: -0.02788353,0.6589202,1.577355,354.8895
167.2444: -0.02829801,0.6620308,1.575073,354.901
167.6889: -0.0322044,0.6640583,1.574297,353.996
168.1333: -0.03065855,0.6652833,1.573471,354.6977
168.5778: -0.02870116,0.6619177,1.573662,355.104
169.0222: -0.02682868,0.6564873,1.574109,354.8016
169.4667: -0.02370905,0.6556534,1.57372,355.7706
169.9111: -0.0264201,0.6567355,1.57344,354.6467
170.3556: -0.02790215,0.6576695,1.570121,354.0235
170.8: -0.02474631,0.6552047,1.572751,355.4995
171.2444: -0.0273125,0.6579634,1.570228,354.2734
171.6889: -0.02390346,0.6590539,1.56409,355.6415
172.1333: -0.02004386,0.6572682,1.558022,358.27
172.5778: -0.02259569,0.6486387,1.557089,355.8427
173.0222: -0.02202536,0.6393622,1.55656,358.2449
173.4667: -0.02572983,0.6369183,1.556845,358.3085
173.9111: -0.02559524,0.6302966,1.55677,358.3779
174.3556: -0.02532329,0.6268264,1.555594,357.9452
174.8: -0.02791151,0.6329491,1.555736,354.5379
175.2444: -0.0280194,0.6336943,1.55646,354.2469
175.6889: -0.02630176,0.6232246,1.560703,356.3829
176.1333: -0.009176735,0.6280176,1.551785,9.542518
176.5778: -0.01207174,0.6419775,1.547436,3.792027
177.0222: -0.02938078,0.6386193,1.545034,353.0614
177.4667: -0.009329572,0.6367158,1.547076,7.786662
177.9111: -0.026389,0.642611,1.54522,358.3243
178.3556: -0.03210793,0.6522612,1.536371,357.0125
178.8: -0.0336716,0.6500818,1.533474,357.4222
179.2444: -0.03145848,0.6469107,1.534731,357.4729
179.6889: -0.03270745,0.6457869,1.535705,356.5265
180.1333: -0.03167092,0.6444279,1.536732,356.2587
180.5778: -0.03187101,0.6387213,1.536134,354.0828
181.0222: -0.03016901,0.6365819,1.537775,353.7247
181.4667: -0.03006761,0.6465262,1.535567,352.7982
181.9111: -0.02808822,0.6506985,1.536866,352.9497
182.3556: -0.02769971,0.6502832,1.534334,353.491
182.8: -0.0245497,0.6507239,1.536794,353.5312
183.2444: -0.02292576,0.6489477,1.536336,353.8155
183.6889: -0.01437746,0.6507373,1.538177,359.7399
184.1333: -0.01248392,0.6572823,1.537275,8.019314
184.5778: -0.01079764,0.6405159,1.557431,16.45312
185.0222: -0.01178554,0.6223296,1.558939,25.00013
185.4667: -0.01475487,0.6200038,1.569285,17.81162
185.9111: -0.002650587,0.6240129,1.572239,11.74129
186.3556: 0.01175374,0.6199009,1.564882,22.18111
186.8: 0.00506798,0.6210366,1.566992,17.40556
187.2444: 0.005063388,0.6288608,1.567049,15.92821
187.6889: -0.005480763,0.6313031,1.555498,9.324675
188.1333: -0.005974589,0.6233087,1.557727,6.595845
188.5778: 0.00309691,0.6308265,1.568597,12.01671
189.0222: 0.008789759,0.6333793,1.567687,20.50557
189.4667: 0.01819861,0.6269919,1.550103,30.87856
189.9111: 0.02859433,0.6254914,1.546844,33.39912
190.3556: 0.02479017,0.6256005,1.552727,30.12172
190.8: 0.02507178,0.6253951,1.561443,33.93111
191.2444: 0.03311083,0.6225008,1.574311,43.8033
191.6889: 0.03212817,0.6036922,1.566963,53.03254
192.1333: 0.02278809,0.6210034,1.559119,42.76548
192.5778: 0.02649356,0.6360323,1.556446,35.95328
193.0222: 0.03204605,0.6432728,1.549791,31.85295
193.4667: -0.006728241,0.653984,1.531172,11.48765
193.9111: -0.05343061,0.664736,1.518611,353.5664
194.3556: -0.04844116,0.6791213,1.523372,355.4258
194.8: -0.02970302,0.6853596,1.530025,1.979023
195.2444: -0.02720345,0.686002,1.523113,0.1082112
195.6889: -0.0230276,0.6771352,1.518017,0.8700615
196.1333: -0.0356412,0.6669678,1.506224,352.5442
196.5778: -0.03773329,0.6637859,1.503786,355.3568
197.0222: -0.04244613,0.6716356,1.496669,357.6511
197.4667: -0.04720133,0.6768628,1.487303,357.7387
Learning Tutorial: user selects target -1 position
197.9111: -0.04164266,0.6785156,1.521643,1.001027
198.3556: -0.04512305,0.6674108,1.580291,358.242
198.8: -0.04685352,0.674435,1.587861,358.5266
199.2444: -0.0400982,0.6805782,1.584057,1.655243
199.6889: -0.05080763,0.6763926,1.583452,352.5231
200.1333: -0.0557868,0.6731366,1.580862,349.5204
200.5778: -0.04910731,0.6751283,1.57975,352.7826
201.0222: -0.04957695,0.6775046,1.577678,351.6927
201.4667: -0.04836735,0.6752056,1.57723,352.0526
201.9111: -0.04592857,0.6708979,1.577528,353.0285
202.3556: -0.04265067,0.6695721,1.575474,354.7416
202.8: -0.04148932,0.6679125,1.57508,354.5068
203.2444: -0.04286986,0.6704365,1.573669,353.4317
203.6889: -0.03784559,0.674162,1.571673,356.1378
204.1333: -0.04199298,0.6692629,1.569634,353.6386
204.5778: -0.03897983,0.6662194,1.566924,354.8207
205.0222: -0.03924756,0.6617008,1.56579,354.4938
205.4667: -0.03818229,0.6615903,1.565519,354.6606
205.9111: -0.03663468,0.6603248,1.559598,358.0327
206.3556: -0.0407346,0.6502421,1.559241,354.5775
206.8: -0.04680468,0.649812,1.559158,352.7183
207.2444: -0.04486311,0.6519337,1.559101,353.2904
207.6889: -0.04459091,0.6532524,1.558454,352.3112
208.1333: -0.03854977,0.6510832,1.54816,354.607
208.5778: -0.03469386,0.6383514,1.5381,355.4991
209.0222: -0.03894441,0.6313041,1.540155,351.4071
209.4667: -0.03598938,0.6317801,1.541094,354.7383
209.9111: -0.03050432,0.6298206,1.543074,0.7096402
210.3556: -0.03700485,0.6340771,1.542925,354.7652
210.8: -0.03485096,0.6417115,1.542711,354.9249
211.2444: -0.03410589,0.647915,1.541841,353.9755
211.6889: -0.03660306,0.6487352,1.538798,352.4188
212.1333: -0.03804333,0.6540442,1.53301,352.0125
Learning Tutorial: user selects target 0 position
212.5778: -0.03459197,0.6595247,1.532176,355.9529
213.0222: -0.03909046,0.6685277,1.567045,354.7626
213.4667: -0.03585455,0.6576565,1.588325,354.6255
213.9111: -0.02800656,0.6572204,1.590688,357.451
214.3556: -0.03150954,0.6609036,1.574394,356.1986
214.8: -0.03883622,0.6704156,1.551447,351.6736
215.2444: -0.02555293,0.6936582,1.423805,357.2972
215.6889: -0.03439098,0.5966341,1.411703,15.53715
216.1333: 0.02576307,0.5172665,1.406824,64.23576
216.5778: 0.1067688,0.4414078,1.473977,106.3967
217.0222: 0.05063141,0.4130604,1.494233,174.5695
217.4667: 0.1207207,0.4896236,1.487681,128.5753
217.9111: 0.07588753,0.6220551,1.477268,21.97939
218.3556: -0.1737727,0.537626,1.451056,303.2731
218.8: -0.1969999,0.3912579,1.389124,250.9827
219.2444: -0.104458,0.3264288,1.415337,210.7796
219.6889: -0.07614563,0.2583828,1.423876,223.4932
220.1333: -0.1603659,0.1593005,1.391783,287.2552
220.5778: -0.1185429,0.1081988,1.383054,335.4968
221.0222: -0.1092634,0.02433522,1.541368,355.0959
221.4667: -0.09273876,-0.02464602,1.58651,1.855021
221.9111: -0.0922007,-0.03498085,1.575447,0.4088284
222.3556: -0.09709794,-0.04896332,1.566181,357.3949
222.8: -0.09815288,-0.05025584,1.575182,1.431528
223.2444: -0.09785392,-0.05425783,1.579466,3.062122
223.6889: -0.0989054,-0.05897932,1.577783,2.279871
224.1333: -0.1063298,-0.0685757,1.56084,355.1115
224.5778: -0.100588,-0.0792063,1.553571,1.238696
225.0222: -0.09928251,-0.08004846,1.561155,3.983722
225.4667: -0.09789446,-0.07878958,1.565643,4.585568
225.9111: -0.1114168,-0.07334861,1.56098,353.8957
226.3556: -0.1130572,-0.07297206,1.559126,353.093
226.8: -0.1038795,-0.07498182,1.559813,358.7053
227.2444: -0.09758373,-0.07213912,1.562569,4.404778
227.6889: -0.1069417,-0.05664282,1.558409,359.0615
228.1333: -0.1064324,-0.0613661,1.52405,356.3232
228.5778: -0.1008871,-0.06663505,1.535311,358.3639
229.0222: -0.09308246,-0.07336369,1.557374,2.441669
229.4667: -0.1022343,-0.07072087,1.557875,359.4487
229.9111: -0.1132125,-0.04278144,1.559298,359.299
230.3556: -0.1119319,0.07924707,1.55114,1.569731
230.8: -0.07171877,0.2504189,1.544524,359.9563
231.2444: -0.1051653,0.3934699,1.546765,358.2846
231.6889: -0.09698577,0.5152092,1.556139,356.0196
232.1333: -0.07263313,0.5802082,1.570559,358.4164
232.5778: -0.07542992,0.5910059,1.564784,1.565777
233.0222: -0.08337849,0.555559,1.554562,0.6634531
233.4667: -0.08785507,0.5212882,1.547228,358.4265
233.9111: -0.08276713,0.5265189,1.549396,357.9147
234.3556: -0.09603472,0.5317244,1.548769,351.1689
234.8: -0.1048456,0.5287324,1.548734,348.9155
235.2444: -0.1015589,0.5275881,1.548614,349.5054
235.6889: -0.08976295,0.5270554,1.549438,356.943
236.1333: -0.08380625,0.5296444,1.549804,358.6027
236.5778: -0.09842426,0.527487,1.549628,349.1418
237.0222: -0.0872083,0.5266994,1.549554,355.3423
237.4667: -0.08998554,0.5190864,1.546108,355.6853
237.9111: -0.08100849,0.4951931,1.537594,3.592635
238.3556: -0.08347657,0.493367,1.540143,1.844588
238.8: -0.08405291,0.491407,1.540717,0.6547981
Learning Tutorial: user starts reading map for 10 seconds
239.2444: -0.08658625,0.4933863,1.543615,357.3078
239.6889: -0.08876124,0.4931295,1.562429,357.1053
240.1333: -0.08319609,0.5331453,1.554095,0.755114
240.5778: -0.06237378,0.5338596,1.564617,8.152191
241.0222: -0.06446517,0.5045866,1.56762,3.387205
241.4667: -0.07363547,0.5087465,1.568596,2.650078
241.9111: -0.080578,0.5111212,1.567583,1.713241
242.3556: -0.08437181,0.5116683,1.563352,0.7078232
242.8: -0.08743823,0.5146975,1.545616,357.9284
243.2444: -0.08095975,0.5224611,1.547676,358.9554
243.6889: -0.08008691,0.5189122,1.549406,359.8297
244.1333: -0.08478121,0.5122914,1.558745,359.38
244.5778: -0.08739161,0.5081125,1.562886,0.5716916
245.0222: -0.08867343,0.5083779,1.545167,359.9456
245.4667: -0.09477624,0.5197887,1.54403,356.6478
245.9111: -0.09694767,0.5224041,1.544711,356.1464
246.3556: -0.09771208,0.5221504,1.545927,357.1247
246.8: -0.0967409,0.5186764,1.548687,357.5907
247.2444: -0.09102151,0.5081088,1.549887,0.5949701
247.6889: -0.08917351,0.4811342,1.554833,3.047361
248.1333: -0.08703763,0.4890291,1.555396,2.588978
248.5778: -0.08651777,0.507709,1.560626,4.133419
249.0222: -0.08259615,0.5126545,1.553527,6.331957
249.4667: -0.07998861,0.5118175,1.554696,6.895364
249.9111: -0.08113573,0.5112877,1.556813,6.215931
250.3556: -0.07853031,0.5177793,1.546706,7.023085
250.8: -0.07810703,0.5232365,1.544394,7.748115
251.2444: -0.08171485,0.5158731,1.549132,5.988558
251.6889: -0.08439888,0.5140887,1.549473,4.904278
252.1333: -0.08429238,0.5145333,1.546724,5.691772
252.5778: -0.07995467,0.5150818,1.556849,9.803762
253.0222: -0.06145367,0.50987,1.560458,18.49001
253.4667: -0.05339588,0.5100453,1.556355,22.89012
253.9111: -0.0564455,0.4970322,1.557692,25.72783
254.3556: -0.05387166,0.4952163,1.552712,26.30234
254.8: -0.0589407,0.499897,1.550148,25.69087
255.2444: -0.06932771,0.4989606,1.551337,22.11176
255.6889: -0.07288428,0.4975045,1.55177,21.70082
256.1333: -0.07150441,0.4993092,1.552366,21.0149
256.5778: -0.08733568,0.5113112,1.562175,10.23912
257.0222: -0.08926676,0.5226762,1.554854,8.488461
257.4667: -0.0944673,0.5269843,1.553787,6.455208
257.9111: -0.0956929,0.5239026,1.553933,5.649574
258.3556: -0.01412199,0.5022085,1.556731,66.91993
258.8: 0.05165231,0.4393596,1.541767,107.4183
259.2444: 0.09978885,0.4472824,1.528952,108.0216
259.6889: 0.1229353,0.4634085,1.526538,110.2229
260.1333: 0.1297377,0.4832311,1.531531,109.9183
260.5778: 0.1590803,0.4882022,1.523934,104.8843
261.0222: 0.1925226,0.4791878,1.504558,108.128
261.4667: 0.1394368,0.4985963,1.543606,109.252
261.9111: 0.1294374,0.4940918,1.541237,111.4187
262.3556: 0.1430447,0.5125216,1.50721,108.3645
262.8: 0.1839319,0.5051897,1.488578,110.8527
263.2444: 0.2929837,0.4248554,1.496049,109.7775
263.6889: 0.4496085,0.3409579,1.511423,110.9886
264.1333: 0.6391561,0.3321323,1.525718,114.7723
264.5778: 0.8040807,0.2772495,1.524854,116.7382
265.0222: 0.8588717,0.2259153,1.518187,116.4351
265.4667: 0.9452423,0.1799913,1.503936,112.8162
265.9111: 1.077435,0.1328182,1.489855,113.7033
266.3556: 1.298193,0.09631737,1.497624,115.4903
266.8: 1.4764,-0.0191946,1.492226,114.9654
267.2444: 1.646518,-0.1290376,1.500258,113.3694
267.6889: 1.854769,-0.16356,1.492278,113.2827
268.1333: 1.987084,-0.2247137,1.474337,115.0748
268.5778: 2.072645,-0.3119219,1.462205,116.759
269.0222: 2.098589,-0.3217388,1.464313,116.7701
Learning Tutorial: user selects target 1 position
269.4667: 2.105478,-0.3147207,1.47957,113.5526
269.9111: 2.109279,-0.3021551,1.490094,111.1672
270.3556: 2.097058,-0.307143,1.51283,126.2409
270.8: 2.085095,-0.3197137,1.508438,140.1875
271.2444: 2.094883,-0.3118016,1.497391,129.2132
271.6889: 2.124249,-0.2834462,1.4825,107.7271
272.1333: 2.097818,-0.1999751,1.482846,356.0376
272.5778: 2.01384,-0.2819329,1.457401,294.074
273.0222: 1.94631,-0.3380002,1.432144,277.4055
273.4667: 1.762713,-0.3726778,1.432359,278.7888
273.9111: 1.472986,-0.3714575,1.462915,283.6181
274.3556: 1.195837,-0.265999,1.464097,282.9761
274.8: 0.8796729,-0.2264616,1.442912,287.7665
275.2444: 0.564275,-0.215048,1.465528,297.1137
275.6889: 0.3157828,-0.09914386,1.42804,312.8262
276.1333: 0.124487,0.01813393,1.400949,331.39
276.5778: -0.08661027,0.03767085,1.505705,357.9433
277.0222: -0.153359,0.07126689,1.573923,3.115209
277.4667: -0.2132324,0.09794997,1.584131,6.372335
277.9111: -0.2198928,0.1239227,1.589813,11.92715
278.3556: -0.2208664,0.1210086,1.592722,8.616214
278.8: -0.2313758,0.1221652,1.577259,355.4473
279.2444: -0.2192709,0.1279045,1.560971,0.4805751
279.6889: -0.2013265,0.1255792,1.579036,9.493743
280.1333: -0.2039127,0.117382,1.580997,6.598331
280.5778: -0.2203208,0.1115709,1.581675,355.9142
281.0222: -0.2211761,0.1140215,1.579425,359.7874
281.4667: -0.2076044,0.115359,1.578087,10.56246
281.9111: -0.2099909,0.1196748,1.572289,4.300835
282.3556: -0.2230858,0.1194073,1.570958,357.6956
282.8: -0.2227679,0.1259112,1.568074,1.572253
283.2444: -0.2062505,0.135694,1.560823,10.30603
283.6889: -0.2216785,0.1313295,1.558434,2.047773
284.1333: -0.2148727,0.1248089,1.547035,6.198674
284.5778: -0.1795491,0.2282228,1.54721,9.403291
285.0222: -0.2073529,0.4421627,1.555912,9.97713
285.4667: -0.2129716,0.6115448,1.563093,7.489627
285.9111: -0.2116444,0.6600561,1.526297,1.813296
286.3556: -0.1849484,0.6632718,1.53164,10.27043
286.8: -0.1817461,0.665051,1.535412,10.96223
287.2444: -0.203825,0.6592189,1.536755,357.8818
287.6889: -0.1826649,0.6551321,1.536793,7.507935
288.1333: -0.1899908,0.6510032,1.535483,1.641729
288.5778: -0.1932227,0.6443895,1.532974,358.5836
289.0222: -0.1761781,0.641818,1.534597,6.988703
289.4667: -0.1811615,0.6390575,1.53501,1.592406
289.9111: -0.1854893,0.6389471,1.529225,357.517
290.3556: -0.1806358,0.6331444,1.520019,0.01484855
290.8: -0.1786925,0.6097561,1.521105,0.8717525
291.2444: -0.1686135,0.6001843,1.524717,5.794726
291.6889: -0.1715715,0.5978161,1.526726,1.166232
292.1333: -0.1650067,0.5908889,1.526906,4.884264
292.5778: -0.1739665,0.5819961,1.52781,358.7582
293.0222: -0.1774282,0.5759965,1.528786,354.0818
293.4667: -0.1579239,0.5681376,1.528095,5.283643
293.9111: -0.1469568,0.5640011,1.534142,2.188643
294.3556: -0.1930565,0.3935544,1.542819,5.178234
Learning Tutorial: user starts reading map for 10 seconds
294.8: -0.2501094,0.2348615,1.566407,8.394721
295.2444: -0.2251486,0.1536469,1.579102,7.607606
295.6889: -0.1961055,0.1571862,1.56365,11.64681
296.1333: -0.1971495,0.1738064,1.564753,13.18954
296.5778: -0.1998447,0.1883207,1.562265,12.88553
297.0222: -0.2090397,0.18556,1.562401,11.68938
297.4667: -0.2140938,0.1861443,1.561053,10.59128
297.9111: -0.2147956,0.178533,1.563064,11.15944
298.3556: -0.2194858,0.1758046,1.563241,7.386254
298.8: -0.2610581,0.1752722,1.563806,342.4299
299.2444: -0.2645497,0.1714377,1.56477,345.6461
299.6889: -0.2341258,0.1474585,1.570101,9.401729
300.1333: -0.2237629,0.1430116,1.570139,16.2084
300.5778: -0.2193593,0.136188,1.570135,16.82574
301.0222: -0.2148894,0.143543,1.567908,16.19725
301.4667: -0.218336,0.1449853,1.567815,14.85753
301.9111: -0.2227194,0.1462114,1.56643,13.40495
302.3556: -0.2250704,0.1427804,1.56693,13.38816
302.8: -0.221571,0.1451177,1.566209,13.37114
303.2444: -0.2192964,0.1443252,1.566041,13.68647
303.6889: -0.2194169,0.1486325,1.565428,13.36356
304.1333: -0.2209355,0.1482458,1.564819,12.21208
304.5778: -0.2194675,0.1444955,1.565472,11.95216
305.0222: -0.2099597,0.1538666,1.564047,11.27878
305.4667: -0.1957924,0.171962,1.557896,8.521381
305.9111: -0.193233,0.1593631,1.562737,7.388989
306.3556: -0.2029908,0.1475704,1.56505,7.450033
306.8: -0.2162886,0.1395259,1.570595,6.005393
307.2444: -0.2211083,0.1516485,1.570154,1.155219
307.6889: -0.2388851,0.1495268,1.568248,342.0208
308.1333: -0.2186952,0.1773864,1.570018,343.8907
308.5778: -0.1966888,0.2657664,1.560143,349.7477
309.0222: -0.1941426,0.2609457,1.557025,357.2516
309.4667: -0.1954793,0.246821,1.559207,0.6914152
309.9111: -0.1945613,0.2044201,1.567122,6.664618
310.3556: -0.1920591,0.1406824,1.574298,13.12165
310.8: -0.186945,0.1225198,1.574239,14.42298
311.2444: -0.179462,0.1260695,1.570579,13.87722
311.6889: -0.1245958,0.2579298,1.472013,15.88407
312.1333: -0.01853539,0.3520777,1.332155,30.0577
312.5778: -0.05566483,0.2964088,1.479613,28.43149
313.0222: -0.1508891,0.1750773,1.58034,24.42522
313.4667: -0.1787381,0.1343074,1.582464,41.14492
313.9111: -0.1809151,0.1450986,1.583194,45.55149
314.3556: -0.1744236,0.1517995,1.569645,41.16239
314.8: -0.1659348,0.1601497,1.56969,40.10343
315.2444: -0.203905,0.1727574,1.587544,16.9026
315.6889: -0.228,0.1745052,1.587314,359.7686
316.1333: -0.2261507,0.1795239,1.586073,357.7492
316.5778: -0.2260911,0.1767801,1.583885,357.5621
317.0222: -0.2214216,0.1724533,1.583019,359.9054
317.4667: -0.2171466,0.1774774,1.580836,0.7330782
317.9111: -0.22088,0.1755822,1.580745,0.8295395
318.3556: -0.2258938,0.1727433,1.579119,2.154319
318.8: -0.2067408,0.1701073,1.583687,16.27713
319.2444: -0.1743277,0.1505884,1.586314,69.23679
319.6889: -0.1912071,0.1041686,1.573515,116.4713
320.1333: -0.1927432,0.0117632,1.563628,147.6503
320.5778: -0.1890489,-0.06409341,1.564817,173.181
321.0222: -0.1688638,-0.07382314,1.56793,178.8694
321.4667: -0.1466036,-0.07796569,1.562052,176.4303
321.9111: -0.1212475,-0.08670364,1.565238,171.0341
322.3556: -0.1249601,-0.09870164,1.548554,180.3425
322.8: -0.1351915,-0.1631855,1.49835,193.7134
323.2444: -0.1769696,-0.2939023,1.50677,193.6546
323.6889: -0.19003,-0.4608265,1.547614,189.1768
324.1333: -0.1335561,-0.678066,1.560835,190.7834
324.5778: -0.1688961,-0.9125727,1.526592,196.0773
325.0222: -0.2515887,-1.165469,1.539176,192.6229
325.4667: -0.2363596,-1.381347,1.544415,192.8806
325.9111: -0.2313403,-1.532006,1.558608,194.6517
Learning Tutorial: user selects target 2 position
326.3556: -0.2640981,-1.593397,1.557,194.9462
326.8: -0.2815781,-1.626151,1.536595,191.9881
327.2444: -0.2920447,-1.639264,1.510709,185.7014
327.6889: -0.2805842,-1.666335,1.524615,141.8249
328.1333: -0.2839376,-1.606895,1.55107,83.45164
328.5778: -0.3822756,-1.482639,1.568638,29.67845
329.0222: -0.4378925,-1.410756,1.561975,10.33427
329.4667: -0.4386376,-1.249898,1.540353,6.444404
329.9111: -0.4387936,-1.025063,1.575462,13.36874
330.3556: -0.3867381,-0.8270314,1.574989,16.95682
330.8: -0.3161958,-0.6425807,1.567377,13.29068
331.2444: -0.3094507,-0.4587238,1.533846,10.94774
331.6889: -0.3535688,-0.2647187,1.557893,13.53294
332.1333: -0.3599554,-0.1190807,1.573961,13.43021
332.5778: -0.337258,0.007690437,1.56522,7.897109
333.0222: -0.3438422,0.08581463,1.555216,7.725282
333.4667: -0.3497996,0.103903,1.556408,9.327799
333.9111: -0.3499256,0.1316823,1.565122,6.706534
334.3556: -0.4514767,0.1074222,1.568688,15.23612
334.8: -0.5345641,0.08855321,1.578918,20.07532
335.2444: -0.5445185,0.06642498,1.570088,14.09351
335.6889: -0.5388288,0.04464986,1.566564,11.79334
Learning Tutorial: user starts reading map for 10 seconds
336.1333: -0.5395939,0.03138702,1.570789,15.89186
336.5778: -0.5447797,0.02824035,1.578474,15.44661
337.0222: -0.5459635,0.03123534,1.579856,15.96679
337.4667: -0.5521359,0.02880953,1.575518,14.23174
337.9111: -0.5561107,0.02612244,1.576143,12.73775
338.3556: -0.5576282,0.02876743,1.576435,12.4436
338.8: -0.5589437,0.02922763,1.576841,13.68334
339.2444: -0.5573875,0.02819348,1.577876,16.16381
339.6889: -0.5541088,0.02939766,1.577237,16.21938
340.1333: -0.5555187,0.02910236,1.577019,16.39983
340.5778: -0.5589663,0.02630686,1.577041,16.24907
341.0222: -0.5590279,0.02531429,1.577616,16.38884
341.4667: -0.5570403,0.02311199,1.577498,16.6032
341.9111: -0.5524299,0.02332711,1.577279,16.48885
342.3556: -0.5495614,0.02410682,1.576048,16.9129
342.8: -0.5493731,0.0223504,1.576103,17.51039
343.2444: -0.5492322,0.02333644,1.57561,17.88806
343.6889: -0.5488995,0.0218758,1.576447,18.28866
344.1333: -0.551043,0.01950361,1.575985,18.15788
344.5778: -0.5493238,0.0167688,1.57715,18.76616
345.0222: -0.5479881,0.02284542,1.57412,21.52983
345.4667: -0.5159025,0.07897589,1.556831,32.89016
345.9111: -0.3187733,0.1891166,1.526844,40.65165
346.3556: -0.05653369,0.356006,1.535916,43.6936
346.8: 0.1562271,0.6031885,1.521699,47.29707
347.2444: 0.4674812,0.8553211,1.489006,49.36174
347.6889: 0.7676973,1.028378,1.508623,51.50936
348.1333: 0.9752163,1.225488,1.510185,53.62466
348.5778: 1.21237,1.392239,1.518271,52.10415
Learning Tutorial: user selects target 3 position
349.0222: 1.373055,1.439038,1.509609,49.22715
349.4667: 1.444768,1.472557,1.475908,51.24519
349.9111: 1.456239,1.48039,1.462526,66.27612
350.3556: 1.43813,1.486808,1.46841,68.54807
350.8: 1.431848,1.493437,1.472946,76.9818
351.2444: 1.437205,1.485549,1.477234,83.31126
351.6889: 1.442289,1.447786,1.515681,116.033
352.1333: 1.287871,1.297617,1.523394,174.2335
352.5778: 1.027973,1.1388,1.497467,231.381
353.0222: 0.8844477,0.8890985,1.449112,225.9399
353.4667: 0.7152845,0.5705765,1.470016,224.7174
353.9111: 0.4712927,0.3265395,1.464029,226.9319
354.3556: 0.2637394,0.09577644,1.478955,238.7079
354.8: 0.1000994,-0.1520605,1.52957,262.9672
355.2444: -0.08129927,-0.2089342,1.538898,312.6095
355.6889: -0.157077,-0.2686713,1.553913,12.2875
356.1333: -0.2500842,-0.3945522,1.551201,12.21605
356.5778: -0.283396,-0.47634,1.572682,5.066223
357.0222: -0.3273295,-0.5026692,1.584782,5.137852
357.4667: -0.3343213,-0.5003034,1.566912,5.089979
357.9111: -0.3312634,-0.4925426,1.546131,4.196933
358.3556: -0.3475659,-0.4796583,1.553336,358.8584
358.8: -0.3511547,-0.4342811,1.576395,11.29197
359.2444: -0.3240493,-0.32346,1.567699,6.564157
359.6889: -0.3092282,-0.2131917,1.577094,0.9549187
360.1333: -0.308814,-0.1534779,1.577998,4.452312
360.5778: -0.3228501,-0.1448474,1.56987,4.137578
361.0222: -0.3334104,-0.1416757,1.574654,4.401825
361.4667: -0.3298835,-0.142744,1.585981,6.189006
361.9111: -0.317492,-0.1478346,1.59385,12.05097
362.3556: -0.3276668,-0.1299724,1.583857,8.396262
362.8: -0.3138858,0.07431987,1.504252,7.822875
363.2444: -0.2289028,0.2681206,1.489593,13.09775
363.6889: -0.2438084,0.3290251,1.508764,7.512646
364.1333: -0.2840822,0.3640223,1.505157,359.1153
364.5778: -0.2904052,0.3682042,1.505033,0.0291173
365.0222: -0.2700253,0.3483163,1.51117,6.202755
365.4667: -0.2661236,0.2974731,1.534129,10.32983
365.9111: -0.2633203,0.2399613,1.545004,26.88055
366.3556: -0.2688056,0.1035924,1.561144,27.64858
366.8: -0.2724454,-0.15739,1.542841,31.94744
367.2444: -0.2989807,-0.307089,1.557191,24.68098
367.6889: -0.3129255,-0.3469714,1.5515,18.63234
368.1333: -0.314177,-0.3514189,1.557795,12.05436
368.5778: -0.2925056,-0.3486983,1.55754,18.76761
369.0222: -0.2769006,-0.3528671,1.534883,26.7748
369.4667: -0.2495648,-0.32541,1.549428,31.48395
369.9111: -0.2506798,-0.3292102,1.551802,37.08459
370.3556: -0.2582257,-0.3303573,1.553015,36.17027
370.8: -0.2738366,-0.302436,1.556766,28.04787
371.2444: -0.2931532,-0.2882433,1.557575,28.16454
371.6889: -0.2664111,-0.2926626,1.564749,56.90857
372.1333: -0.2552263,-0.3397261,1.563642,125.0599
372.5778: -0.2978435,-0.3870631,1.553794,135.7083
373.0222: -0.3583645,-0.4159387,1.556388,155.182
373.4667: -0.3767484,-0.4200175,1.564023,156.084
373.9111: -0.3562768,-0.4029301,1.576128,137.049
374.3556: -0.3270589,-0.34394,1.570504,113.9963
374.8: -0.2844414,-0.2423881,1.558085,76.05012
375.2444: -0.3097557,-0.1822861,1.562598,24.61037
375.6889: -0.3150592,-0.1938397,1.564848,19.98693
376.1333: -0.3659901,-0.2038295,1.572136,2.382614
376.5778: -0.3647987,-0.2404581,1.576291,354.9678
377.0222: -0.3177014,-0.26942,1.569093,2.076111
377.4667: -0.3056232,-0.2782771,1.589787,9.199981
377.9111: -0.3094994,-0.2726339,1.586428,10.01229
378.3556: -0.318136,-0.2685882,1.562047,7.034373
378.8: -0.3299474,-0.2931326,1.531622,6.387521
Trail Result: Success object: Learning Phase | Time Spent: -2.147484E+09
Trail No.:0 Ends
User starts reading map for 2 seconds.
Trail No.:30 Begins
402.6556: 0.06951938,0.06780256,1.543157,353.094
403.1: 0.06639811,0.07263653,1.539938,352.1248
403.5445: 0.0641205,0.08249144,1.539552,351.7052
403.9889: 0.06522477,0.1031181,1.531638,349.9661
404.4333: 0.06604379,0.147833,1.532897,345.0913
404.8778: 0.00212181,0.1722862,1.540889,342.4754
405.3222: -0.3026907,0.0739269,1.538953,345.506
405.7667: -0.5027861,0.005167464,1.574448,357.5711
406.2111: -0.5030991,-0.01561993,1.583668,13.99829
406.6556: -0.4752312,-0.04806657,1.574181,21.02983
407.1: -0.460979,-0.05917828,1.574377,22.30019
407.5445: -0.4250008,-0.07221606,1.580123,46.68415
407.9889: -0.3807585,-0.1464103,1.578161,97.32936
408.4333: -0.3599085,-0.218766,1.559678,135.9174
408.8778: -0.325449,-0.2065118,1.557745,123.5749
409.3222: -0.3029212,-0.1049358,1.564816,53.97878
409.7667: -0.3797866,-0.05422978,1.568918,354.183
410.2111: -0.5716794,-0.05438141,1.56934,351.8215
410.6556: -0.7785781,-0.05141199,1.591545,356.4344
411.1: -0.8371245,-0.04535583,1.599811,348.2153
411.5445: -0.9274838,-0.1052866,1.584924,353.9091
411.9889: -1.0237,-0.121001,1.590165,359.9282
412.4333: -1.05903,-0.12213,1.603115,0.9853266
412.8778: -1.074683,-0.1342995,1.606686,357.3487
413.3222: -1.078102,-0.1345897,1.606483,358.0472
Distance to Expected Destination: 0.1606335
Trail Result: Success object: Level1EndingPoint | Time Spent: 11.16841
Trail No.:30 Ends
User starts reading map for 2 seconds.
Trail No.:21 Begins
497.2667: 0.1494426,0.2603926,1.559148,10.87924
497.7111: 0.1521665,0.2602536,1.562238,10.81728
498.1556: 0.1600582,0.2749192,1.573648,9.847005
498.6: 0.1758038,0.3822598,1.530365,9.785266
499.0445: 0.1566394,0.301502,1.570549,6.355782
499.4889: 0.1572512,0.2539141,1.576687,7.285734
499.9333: 0.170303,0.2639335,1.569948,8.360139
500.3778: 0.1693541,0.2942381,1.56324,8.491954
500.8222: 0.1396072,0.3302217,1.559683,0.39034
501.2667: 0.1277426,0.3293778,1.565181,21.12189
501.7111: 0.1383413,0.3008375,1.570252,34.39178
502.1556: 0.153767,0.2868953,1.560622,37.15468
502.6: 0.1528018,0.2809646,1.558808,30.16783
503.0445: 0.1519925,0.2811833,1.558135,24.59013
503.4889: 0.1572986,0.2832306,1.555704,21.68425
503.9333: 0.1588012,0.2887279,1.554403,17.39676
504.3778: 0.1530668,0.3193655,1.547679,353.9055
504.8222: 0.1003016,0.3098126,1.537969,323.8116
505.2667: -0.02641914,0.1389099,1.533462,314.0435
505.7111: -0.1754636,-0.05159609,1.55168,339.2586
506.1556: -0.1929021,-0.08588614,1.551985,350.4353
506.6: -0.05126597,0.0127305,1.540979,9.235629
507.0445: 0.2445377,0.1776438,1.535343,15.60296
507.4889: 0.4162553,0.3834391,1.507436,18.04276
507.9333: 0.4954752,0.5975441,1.529384,17.53967
508.3778: 0.6330284,0.78777,1.535209,19.92779
508.8222: 0.805342,1.002721,1.535613,19.73259
509.2667: 0.8542579,1.137883,1.548756,57.7677
509.7111: 0.8612788,1.189988,1.547532,74.99207
510.1556: 0.8301466,1.332044,1.524683,30.42723
510.6: 0.8384629,1.393135,1.522346,23.03152
511.0445: 1.062045,1.770272,1.526975,6.412245
511.4889: 1.588374,1.388663,1.14916,290.2587
511.9333: 0.9937372,1.926273,1.547238,238.3179
512.3778: 0.9957637,1.912775,1.523859,222.0921
512.8222: 1.000538,1.874664,1.500931,207.7665
513.2667: 1.018951,1.882322,1.522962,220.2806
513.7111: 1.034082,1.900972,1.527933,229.8467
514.1556: 1.036063,1.912348,1.53004,231.7641
514.6: 1.06007,1.886793,1.534878,201.264
515.0444: 1.065716,1.874999,1.530851,202.8594
515.4889: 1.044577,1.910156,1.517998,233.0665
515.9333: 1.047051,1.960109,1.514067,285.3181
516.3778: 1.05944,2.038131,1.528865,335.0644
516.8222: 1.166285,2.137475,1.534774,10.02947
517.2667: 1.187636,2.158507,1.546694,22.11564
517.7111: 1.181677,2.156092,1.550647,21.28568
518.1556: 1.174503,2.150585,1.548597,20.30149
518.6: 1.172479,2.14214,1.548674,22.22626
519.0444: 1.188168,2.144881,1.548171,18.28529
519.4889: 1.185098,2.161712,1.537121,347.3368
519.9333: 1.078803,2.043223,1.541115,317.0769
520.3778: 0.9608609,1.795038,1.526835,311.5565
520.8222: 0.9561965,1.694235,1.545857,323.7582
521.2667: 0.9667081,1.686739,1.545858,329.8683
521.7111: 0.9749757,1.676224,1.543129,330.0599
522.1556: 0.9770745,1.690104,1.531623,335.1393
522.6: 0.9672815,1.837583,1.443277,0.7914153
523.0444: 0.9965413,1.901477,1.342331,18.38843
523.4889: 1.009053,1.817835,1.475296,9.676454
523.9333: 1.019588,1.696917,1.561045,352.1429
524.3778: 1.015576,1.643122,1.566741,344.7054
524.8222: 1.020351,1.630477,1.56433,348.0349
525.2667: 1.0216,1.630208,1.56038,348.8488
525.7111: 1.019621,1.635998,1.557874,348.2683
526.1556: 1.01786,1.65607,1.552357,345.2276
526.6: 1.004088,1.664027,1.543338,339.9857
527.0444: 1.005769,1.663857,1.541511,343.8372
527.4889: 1.006161,1.664203,1.541461,344.58
527.9333: 1.005738,1.665392,1.541623,344.4799
528.3778: 1.005448,1.668981,1.540706,343.4533
528.8222: 1.00494,1.667578,1.541222,343.1797
529.2667: 0.9916244,1.703447,1.530799,351.3521
529.7111: 1.030905,1.814594,1.49723,9.848308
530.1556: 1.160557,2.016851,1.533285,13.2252
530.6: 1.134602,2.099436,1.546539,325.7262
531.0444: 1.013526,1.939392,1.542533,272.1558
531.4889: 0.9803815,1.788642,1.543654,256.0384
531.9333: 0.9883577,1.770288,1.543013,263.7404
532.3778: 0.995121,1.833274,1.548016,299.0575
532.8223: 1.099887,2.00239,1.524637,2.210939
533.2667: 1.191047,2.150547,1.534244,25.38372
533.7111: 1.190899,2.193024,1.540971,38.96334
534.1556: 1.17176,2.207187,1.538301,39.10361
Distance to Expected Destination: 0.547642
Trail Result: Fail at object: Level1EndingPoint | Time Spent: 37.59764
Trail No.:21 Ends
User starts reading map for 2 seconds.
Trail No.:9 Begins
546.4556: 0.01507271,0.09566249,1.557154,0.8940032
546.9: 0.0140225,0.1032018,1.552385,357.0029
547.3445: 0.008620935,0.1579785,1.543455,0.4797075
547.7889: 0.0887861,0.3719436,1.524922,7.290759
548.2333: 0.2587633,0.6560766,1.540296,12.93638
548.6778: 0.3300081,1.039705,1.527817,14.61899
549.1223: 0.4607806,1.413713,1.518937,14.57104
549.5667: 0.6394181,1.733217,1.531459,14.67604
550.0111: 0.6947741,2.023792,1.527159,15.57962
Distance to Expected Destination: 0.498374
Trail Result: Fail at object: Level1EndingPoint | Time Spent: 4.11948
Trail No.:9 Ends
User starts reading map for 2 seconds.
Trail No.:24 Begins
561.9: 0.006621895,-0.006855141,1.550096,4.022121
562.3445: 0.1205093,0.00373739,1.541168,14.13524
562.7889: 0.4926928,-0.08094067,1.521096,34.96244
563.2333: 0.7752721,-0.07754709,1.457102,53.73832
563.6778: 1.003577,0.03879958,1.498893,36.44043
564.1223: 1.236237,0.07803936,1.503457,21.41485
564.5667: 1.485232,0.01171384,1.509994,8.971205
565.0111: 1.577821,-0.04992298,1.51232,17.14495
Distance to Expected Destination: 2.68834
Trail Result: Fail at object: Level1EndingPoint | Time Spent: 3.819828
Trail No.:24 Ends
User starts reading map for 2 seconds.
Trail No.:44 Begins
577.8: 0.06982855,0.03668198,1.549313,0.5507045
578.2444: 0.03408061,0.07982261,1.538636,346.2091
578.6889: 0.004602814,0.1141864,1.522977,334.8887
579.1334: 0.02662701,0.1775207,1.51632,341.5463
579.5778: 0.05445592,0.1721438,1.512744,349.0169
580.0222: 0.05091531,0.1796768,1.508517,349.3582
580.4667: -0.03642113,0.1249886,1.519035,340.4077
580.9111: -0.39039,-0.03841721,1.525418,345.0926
581.3556: -0.6131503,-0.008086676,1.495165,345.2994
581.8: -0.8099205,-0.05887333,1.487019,336.8695
582.2444: -0.9900721,-0.2413585,1.557379,359.3305
582.6889: -1.055479,-0.3517756,1.59849,11.52985
583.1334: -1.226816,-0.4239331,1.60225,18.63008
583.5778: -1.324148,-0.4624041,1.610202,15.39063
584.0222: -1.393479,-0.5192683,1.600168,0.5007114
584.4667: -1.396512,-0.5238433,1.587767,2.889871
584.9111: -1.458778,-0.5450982,1.616647,16.7017
Distance to Expected Destination: 1.411807
Trail Result: Fail at object: Level1EndingPoint | Time Spent: 7.64024
Trail No.:44 Ends
User starts reading map for 2 seconds.
Trail No.:47 Begins
643.0222: 0.08893877,-0.05549119,1.536833,69.85253
643.4667: 0.1240224,-0.1083355,1.533635,100.2949
643.9111: 0.1417871,-0.2262016,1.542918,134.9344
644.3556: 0.1974625,-0.2866931,1.544473,158.6597
644.8: 0.2578713,-0.3103896,1.531512,167.5665
645.2444: 0.2937639,-0.3120743,1.526787,167.6715
645.6889: 0.3478702,-0.328935,1.505851,165.8937
646.1334: 0.4391896,-0.4582332,1.435551,156.3547
646.5778: 0.5581235,-0.6401214,1.479666,154.4963
647.0222: 0.6620154,-0.7140379,1.518366,164.6588
647.4667: 0.7222843,-0.7595884,1.518723,166.8835
647.9111: 0.7704415,-0.7839394,1.498947,167.3047
648.3556: 0.8017784,-0.8094366,1.494014,169.3232
648.8: 0.8449249,-0.925509,1.493987,164.6281
649.2444: 0.9177373,-1.113925,1.493423,172.9899
649.6889: 1.029755,-1.294131,1.47778,187.8134
650.1334: 1.108442,-1.462783,1.459925,192.1206
650.5778: 1.08131,-1.65461,1.453341,193.2568
651.0222: 1.08229,-1.780958,1.496822,194.8532
651.4667: 1.094841,-1.870648,1.497227,201.5012
651.9111: 1.07957,-1.905735,1.475207,206.6153
Distance to Expected Destination: 5.119108
Trail Result: Fail at object: Level1EndingPoint | Time Spent: 9.529991
Trail No.:47 Ends
User starts reading map for 2 seconds.
Trail No.:38 Begins
668.3: 0.1244501,0.1035864,1.532152,50.17609
668.7444: 0.1705217,0.08557816,1.542825,72.15798
669.1889: 0.09951542,0.1211689,1.550392,87.52977
669.6334: 0.03098281,0.1609183,1.559547,89.96914
670.0778: -0.005631499,0.176474,1.557697,94.15776
670.5222: 0.01308631,0.2087326,1.554688,74.13367
670.9667: 0.02569237,0.243065,1.563019,20.70866
671.4111: 0.0220476,0.2301288,1.556149,12.53194
671.8556: 0.02488528,0.209531,1.554981,16.96517
672.3: 0.02838339,0.209596,1.559816,17.65826
672.7444: 0.01767574,0.2417157,1.543819,8.599436
673.1889: 0.02647881,0.2362191,1.532556,9.02935
673.6334: 0.03869478,0.219133,1.53192,13.2898
674.0778: 0.0510588,0.1988607,1.529884,22.0463
674.5222: 0.04449358,0.1536186,1.561631,48.19776
674.9667: 0.01693289,0.1201345,1.561802,64.91555
675.4111: 0.01389037,0.1038837,1.565118,79.38963
675.8556: 0.04046899,0.09710513,1.558514,96.96037
676.3: 0.09771971,0.06555186,1.549344,114.5216
676.7444: 0.1584306,0.05554964,1.564854,121.5065
677.1889: 0.1698437,0.04577705,1.561952,127.5184
677.6334: 0.1690862,0.0529264,1.551602,132.1249
678.0778: 0.1816725,0.06868903,1.549854,127.4156
678.5222: 0.1868739,0.06843518,1.553159,129.8504
678.9667: 0.1904777,0.06644799,1.552361,133.1423
679.4111: 0.2040316,0.06737112,1.562847,118.3251
679.8556: 0.1768733,0.0912763,1.572386,47.21085
680.3: 0.1035347,0.1021753,1.560355,20.44674
680.7444: 0.08362248,0.1316042,1.554795,29.45331
681.1889: 0.1124695,0.01340978,1.503597,25.60268
681.6334: 0.09020269,-0.1741958,1.506894,23.0322
682.0778: -0.02410594,-0.3640443,1.519768,24.0757
682.5222: -0.01382239,-0.5330732,1.540531,25.59335
682.9667: -0.07800122,-0.7069862,1.543567,38.99104
683.4111: -0.1121407,-0.8148686,1.55414,36.87047
683.8556: -0.1225335,-0.8957398,1.54666,31.94821
684.3: -0.1476492,-0.945559,1.557547,34.067
684.7444: -0.1347811,-0.9616486,1.554704,41.98314
Distance to Expected Destination: 0.5361802
Trail Result: Fail at object: Level1EndingPoint | Time Spent: 17.24832
Trail No.:38 Ends
User starts reading map for 2 seconds.
Trail No.:12 Begins
708.4667: -0.06592242,-0.05084243,1.551766,332.7821
708.9111: -0.07049313,-0.01828229,1.547642,334.33
709.3556: -0.07398082,0.006137063,1.550013,337.1431
709.8: -0.05441133,-0.01352484,1.565915,355.7172
710.2444: -0.05347323,-0.029812,1.573983,357.4692
710.6889: -0.1259185,-0.03074419,1.573629,312.3866
711.1334: -0.1921635,-0.05823372,1.576014,274.9019
711.5778: -0.1988588,-0.01024473,1.568058,269.2556
712.0222: -0.2202202,0.00704018,1.559751,269.9884
712.4667: -0.2243626,-0.1656861,1.555047,268.8007
712.9111: -0.2236827,-0.4073185,1.54339,267.4043
713.3556: -0.1966997,-0.4089878,1.569304,296.2214
713.8: -0.08778545,-0.2368467,1.569616,349.8703
714.2444: -0.05279165,-0.1184912,1.567458,358.5501
714.6889: -0.06493224,-0.0863493,1.574128,11.60676
715.1334: -0.08168954,-0.08539453,1.564512,13.3772
715.5778: -0.1021824,-0.0633959,1.54851,357.9709
716.0222: -0.2035787,-0.1696451,1.559389,294.5468
716.4667: -0.2147945,-0.3326779,1.560884,277.5349
716.9111: -0.1914023,-0.3562975,1.560634,279.7339
717.3556: -0.186254,-0.3522063,1.562081,279.7861
717.8: -0.1677195,-0.3608818,1.566733,277.6242
718.2444: -0.1967861,-0.3504983,1.575472,278.7448
718.6889: -0.1960428,-0.3488395,1.569768,279.0734
719.1334: -0.2165615,-0.3421786,1.563644,277.6618
719.5778: -0.2233461,-0.3356188,1.556146,273.4815
720.0222: -0.2021644,-0.337925,1.545036,264.2208
720.4667: -0.1940243,-0.331057,1.549677,268.4284
720.9111: -0.1929154,-0.3254414,1.558878,271.3212
721.3556: -0.2513286,-0.3146941,1.562628,281.8542
721.8: -0.3622755,-0.275732,1.443663,297.1305
722.2444: -0.3933212,-0.2922519,1.394412,284.3894
722.6889: -0.3324588,-0.3514199,1.436591,264.5831
723.1334: -0.2465206,-0.3719611,1.518371,256.1367
723.5778: -0.1750045,-0.3665299,1.551125,251.4414
724.0222: -0.1571156,-0.3654114,1.56347,257.4827
724.4667: -0.1588401,-0.3858184,1.567782,246.832
724.9111: -0.1574092,-0.3909667,1.565584,241.2203
725.3556: -0.1522303,-0.4013003,1.564096,232.2584
725.8: -0.1335082,-0.4229818,1.559202,211.6816
726.2444: -0.1544839,-0.3996079,1.544062,235.8562
726.6889: -0.1633753,-0.3803374,1.54053,249.6162
727.1334: -0.1692993,-0.3729645,1.546448,256.3792
727.5778: -0.1655612,-0.367709,1.552659,258.7956
728.0222: -0.1680847,-0.3656586,1.557532,260.6492
728.4667: -0.17129,-0.3699741,1.557519,261.6718
728.9111: -0.1655313,-0.3694111,1.556224,263.6631
729.3556: -0.1655791,-0.3655049,1.554914,263.7793
729.8: -0.1693074,-0.3605579,1.554596,263.213
730.2444: -0.1673127,-0.3561758,1.553569,264.0131
730.6889: -0.1647332,-0.3560156,1.553079,265.0713
731.1334: -0.1636509,-0.3552752,1.554688,265.1352
731.5778: -0.1615693,-0.3141174,1.560381,299.7497
732.0222: -0.1072507,-0.2291828,1.553326,347.4935
732.4667: -0.1048529,-0.1927924,1.563303,7.906963
732.9111: -0.1141424,-0.175413,1.560659,15.77489
733.3556: -0.1323849,-0.1600803,1.561132,21.02919
733.8: -0.1237508,-0.1734842,1.565454,25.35432
734.2444: -0.1195146,-0.1749932,1.568711,23.7009
734.6889: -0.1228691,-0.1591818,1.559034,19.72507
735.1334: -0.1204314,-0.1599219,1.552587,19.52793
735.5778: -0.121355,-0.1656311,1.547223,22.19166
736.0222: -0.1058162,-0.1654195,1.542872,24.75256
736.4667: -0.1113375,-0.1586276,1.546102,26.01241
736.9111: -0.1168934,-0.1502727,1.543987,26.335
737.3556: -0.1187849,-0.1484545,1.541979,26.6137
737.8: -0.1154275,-0.1479872,1.549279,26.91616
738.2444: -0.1149758,-0.1480127,1.549699,27.64852
738.6889: -0.1197776,-0.1657014,1.554286,28.49206
739.1334: -0.1254369,-0.1762417,1.554953,29.56078
739.5778: -0.1239526,-0.1767844,1.559778,30.60397
740.0222: -0.1227187,-0.1730329,1.559344,32.28413
740.4667: -0.1151899,-0.1679955,1.557268,33.22954
740.9111: -0.1171292,-0.1659217,1.557554,32.03239
741.3556: -0.1210075,-0.1709482,1.557121,31.41268
741.8: -0.1217326,-0.1747996,1.558204,31.88498
742.2444: -0.1158059,-0.1692263,1.556341,31.94843
742.6889: -0.1104003,-0.1636367,1.555391,31.86017
743.1334: -0.10946,-0.1627684,1.553809,32.33017
743.5778: -0.1095952,-0.1648489,1.552262,32.77312
744.0222: -0.1121959,-0.1639262,1.552784,32.69268
744.4667: -0.1090193,-0.1613945,1.55549,33.63434
744.9111: -0.1068989,-0.1604298,1.551789,31.68247
745.3556: -0.0915563,-0.1526685,1.547374,29.53715
745.8: -0.08383557,-0.1046742,1.519707,18.19565
746.2444: -0.1531827,-0.003806503,1.480654,356.6229
746.6889: -0.33666,0.12711,1.531346,352.9453
747.1334: -0.4753899,0.3052323,1.567066,2.88411
747.5778: -0.562066,0.4397736,1.572467,5.787476
748.0222: -0.6661406,0.5448054,1.538528,18.01396
748.4667: -0.699379,0.5469981,1.541733,17.48345
748.9111: -0.8623322,0.5901181,1.566365,24.89303
749.3556: -1.026573,0.6509275,1.600981,34.82944
749.8: -1.116813,0.7057794,1.604142,30.60896
750.2444: -1.232965,0.781662,1.593257,33.40396
750.6889: -1.287692,0.8165367,1.590604,34.195
Distance to Expected Destination: 1.221696
Trail Result: Fail at object: Level1EndingPoint | Time Spent: 42.8574
Trail No.:12 Ends
User starts reading map for 2 seconds.
Trail No.:42 Begins
778.0667: 0.04453072,-0.0817056,1.540064,7.701576
778.5111: 0.05023326,-0.0705004,1.543172,7.023109
778.9556: 0.06783632,-0.0512596,1.541288,1.878914
779.4: 0.08037864,-0.02067268,1.518371,346.0761
779.8445: 0.08760163,-0.01547313,1.510563,344.1704
780.2889: 0.0926303,-0.02140847,1.506119,345.4705
780.7333: 0.08779912,-0.01595188,1.495161,339.5893
781.1778: 0.01671006,-0.01925501,1.506925,326.5475
781.6223: -0.2277462,-0.1005664,1.545565,332.0587
782.0667: -0.4123048,-0.1541498,1.587078,344.1479
782.5111: -0.404597,-0.1383806,1.587054,357.9515
782.9556: -0.4095349,-0.1194219,1.580034,353.0183
783.4: -0.5166828,-0.1055637,1.529313,307.4584
783.8445: -0.7722378,-0.1037189,1.541466,316.5991
784.2889: -0.9891779,-0.04801125,1.585091,337.4635
784.7333: -1.098789,0.03456447,1.587569,345.5873
785.1778: -1.246113,0.1021399,1.599814,355.7357
785.6223: -1.396194,0.1047764,1.606408,2.492074
786.0667: -1.447573,0.09027898,1.607304,6.824589
786.5111: -1.468252,0.07979627,1.603557,4.974515
786.9556: -1.46656,0.08374077,1.601371,5.178938
Distance to Expected Destination: 2.861927
Trail Result: Fail at object: Level1EndingPoint | Time Spent: 9.546524
Trail No.:42 Ends
User starts reading map for 2 seconds.
Trail No.:18 Begins
798.5: -0.007703435,-0.05945615,1.548681,4.236964
798.9445: 0.0260747,-0.02172914,1.546985,22.31049
799.3889: 0.2348848,-0.08866605,1.533171,39.62172
799.8334: 0.565239,-0.2155067,1.483169,53.12597
800.2778: 0.8413118,-0.1803761,1.445825,60.48945
800.7222: 1.127641,-0.08380937,1.511944,41.20225
801.1667: 1.440593,-0.1514743,1.499757,21.22787
801.6111: 1.630749,-0.230322,1.512087,16.43891
802.0556: 1.725834,-0.2572787,1.504681,18.80607
802.5: 1.775301,-0.2706091,1.48263,9.889559
Distance to Expected Destination: 3.155885
Trail Result: Fail at object: Level1EndingPoint | Time Spent: 4.498634
Trail No.:18 Ends
User starts reading map for 2 seconds.
Trail No.:33 Begins
813.8334: -0.02208309,-0.1034331,1.538815,6.265265
814.2778: -0.0311988,-0.08118221,1.538051,6.448658
814.7222: -0.05440438,-0.0284411,1.5341,7.716616
815.1667: -0.100018,0.01560603,1.520012,5.048574
815.6111: -0.1547139,0.09800158,1.526503,356.8001
816.0556: -0.2102058,0.3388923,1.542144,348.0699
816.5: -0.3462348,0.6141517,1.528195,346.2416
816.9445: -0.5620348,0.899821,1.564305,347.2637
817.3889: -0.6883975,1.215059,1.54872,347.9223
817.8334: -0.7915248,1.52907,1.552876,350.6111
818.2778: -0.8961546,1.80048,1.570802,356.1206
818.7222: -0.9334826,2.039076,1.584335,358.8155
819.1667: -0.9568337,2.175426,1.593125,357.3646
819.6111: -1.017427,2.259717,1.589139,3.286412
Distance to Expected Destination: 0.2821468
Trail Result: Success object: Level1EndingPoint | Time Spent: 6.530766
Trail No.:33 Ends
User starts reading map for 2 seconds.
Trail No.:27 Begins
836.6778: 0.04397633,-0.0315209,1.546707,3.163161
837.1223: 0.06295241,0.02488453,1.535489,13.13841
837.5667: 0.2700014,0.0727213,1.507454,31.3318
838.0111: 0.6223631,0.1711923,1.520084,42.85119
838.4556: 0.9217677,0.3992881,1.470952,35.5085
838.9: 1.229476,0.596585,1.493824,29.30051
839.3445: 1.365106,0.8579744,1.498912,22.86901
839.7889: 1.395377,1.254376,1.517053,21.04082
840.2333: 1.496002,1.607036,1.49384,13.25176
840.6778: 1.519237,1.874749,1.495654,4.145131
Distance to Expected Destination: 1.029791
Trail Result: Fail at object: Level1EndingPoint | Time Spent: 4.862328
Trail No.:27 Ends
User starts reading map for 2 seconds.
Trail No.:7 Begins
855.2: -0.03319395,0.0141388,1.546277,7.64777
855.6445: -0.02743446,0.008758236,1.549762,6.700866
856.0889: -0.001877401,0.01222235,1.55168,3.18706
856.5333: 0.01868189,0.04163846,1.536275,353.1159
856.9778: -0.03133281,-0.008569681,1.533629,350.2773
857.4222: -0.296287,-0.2013183,1.520136,323.6383
857.8667: -0.4557257,-0.3870417,1.503434,294.6315
858.3112: -0.4524449,-0.4849444,1.500463,344.2051
858.7556: -0.5044726,-0.6359161,1.521614,359.443
859.2: -0.4958788,-0.7186855,1.554962,4.796747
859.6445: -0.602647,-0.8134749,1.54739,315.6452
860.0889: -0.7900991,-0.9408554,1.533936,303.8072
860.5333: -0.7822859,-1.006627,1.549929,358.42
860.9778: -0.8290672,-1.107737,1.554811,6.562383
861.4222: -0.8397741,-1.209065,1.554558,3.686475
861.8667: -0.8623278,-1.296148,1.566202,11.84318
862.3112: -0.8977777,-1.359883,1.568051,7.074526
862.7556: -0.93964,-1.419357,1.573593,36.13109
863.2: -0.9788402,-1.4681,1.581324,48.41351
863.6445: -0.9725499,-1.488652,1.579032,62.92563
864.0889: -0.9695283,-1.508378,1.577568,65.89732
864.5333: -0.9776861,-1.51345,1.577749,60.68795
864.9778: -1.013752,-1.470337,1.581477,33.43138
865.4222: -1.134878,-1.534617,1.589956,275.6246
865.8667: -1.108642,-1.65687,1.566311,219.3317
866.3112: -1.174765,-1.848518,1.573885,212.1083
866.7556: -1.28001,-1.996601,1.562785,207.7232
867.2: -1.427527,-2.162531,1.572932,220.676
867.6445: -1.505426,-2.339568,1.580608,281.8905
868.0889: -1.416416,-2.402362,1.582876,358.9937
Distance to Expected Destination: 0.08230456
Trail Result: Success object: Level1EndingPoint | Time Spent: 13.6167
Trail No.:7 Ends
User starts reading map for 2 seconds.
Trail No.:28 Begins
877.8667: 0.1025502,-0.224205,1.547051,0.2894299
878.3112: 0.1880571,-0.149835,1.535255,28.67311
878.7556: 0.5175989,-0.06291328,1.527037,22.21861
879.2: 0.813452,0.1278636,1.493371,26.4832
879.6445: 1.060213,0.4174438,1.506412,25.04065
880.0889: 1.308939,0.6220533,1.498118,15.93705
880.5333: 1.499628,0.8174905,1.503957,12.8762
880.9778: 1.553477,1.033853,1.497578,11.45245
881.4222: 1.607342,1.14974,1.510269,6.304638
881.8667: 1.700427,1.188853,1.506054,4.306645
Distance to Expected Destination: 0.8346553
Trail Result: Fail at object: Level1EndingPoint | Time Spent: 4.725143
Trail No.:28 Ends
User starts reading map for 2 seconds.
Trail No.:14 Begins
892.4445: -0.07441555,-0.1476732,1.561089,3.63361
892.8889: -0.08369865,-0.1338041,1.561283,2.689035
893.3334: -0.08524423,-0.082022,1.546435,14.56695
893.7778: 0.09999992,-0.242917,1.518495,33.53679
894.2222: 0.4135362,-0.609002,1.495177,122.9433
894.6667: 0.552223,-0.717375,1.479393,129.1164
895.1111: 0.6298866,-0.8941575,1.497563,118.4829
895.5556: 0.6775475,-1.235995,1.456321,124.7653
896: 0.8433173,-1.396191,1.429266,102.3961
896.4445: 0.9396222,-1.472337,1.458386,59.19258
896.8889: 0.9282095,-1.650241,1.486457,22.29945
897.3334: 0.8699178,-1.714941,1.487435,18.87419
897.7778: 0.8638998,-1.838789,1.454949,5.179273
898.2222: 0.883908,-1.960557,1.497703,359.2393
Distance to Expected Destination: 0.8083354
Trail Result: Fail at object: Level1EndingPoint | Time Spent: 6.409908
Trail No.:14 Ends
User starts reading map for 2 seconds.
Trail No.:43 Begins
938.7333: 0.05201101,0.003358344,1.555396,6.666304
939.1778: 0.07534992,0.03732871,1.558359,26.67914
939.6223: 0.1729996,0.0336203,1.554183,81.46923
940.0667: 0.2149463,0.04149276,1.557736,138.5534
940.5111: 0.1975591,0.06540905,1.546983,144.0421
940.9556: 0.186243,0.06397131,1.54102,147.4357
941.4: 0.2052332,0.02005665,1.514077,164.5256
941.8445: 0.03447279,0.02579979,1.495053,184.0536
942.2889: -0.320664,0.09009467,1.485929,187.4043
942.7333: -0.458592,0.2317343,1.475865,187.6213
943.1778: -0.5851396,0.4010612,1.545091,205.5148
943.6223: -0.8910123,0.7320159,1.571564,290.7605
944.0667: -1.103748,0.9041656,1.547371,307.1329
944.5111: -1.314967,0.9972886,1.565366,294.9005
944.9556: -1.53625,1.183904,1.609178,287.8628
945.4: -1.707184,1.465054,1.612048,242.1826
945.8445: -1.642093,1.629006,1.614653,193.7575
Distance to Expected Destination: 4.632977
Trail Result: Fail at object: Level1EndingPoint | Time Spent: 7.970425
Trail No.:43 Ends
User starts reading map for 2 seconds.
Trail No.:46 Begins
960.2889: -0.02094647,-0.3237764,1.539762,180.4875
960.7333: -0.01013241,-0.3329648,1.540779,183.9521
961.1778: -0.03090449,-0.3388737,1.533856,188.3498
961.6223: -0.02342297,-0.3353614,1.534849,187.5497
962.0667: -0.01486224,-0.3410444,1.531228,186.4676
962.5111: -0.02939991,-0.3499775,1.517261,194.1004
962.9556: -0.03235342,-0.348336,1.520314,194.8736
963.4: -0.06367607,-0.3741705,1.512484,199.7528
963.8445: -0.2563454,-0.373951,1.549943,202.6658
964.2889: -0.4961432,-0.423282,1.539972,213.8352
964.7333: -0.6789708,-0.5955181,1.523394,216.3378
965.1778: -0.9120514,-0.8187348,1.562301,218.7084
965.6223: -1.193843,-1.005875,1.561549,216.5218
966.0667: -1.384804,-1.22293,1.547873,215.9037
966.5111: -1.547799,-1.403323,1.588112,213.1312
966.9556: -1.692007,-1.501148,1.60331,206.0192
Distance to Expected Destination: 3.747825
Trail Result: Fail at object: Level1EndingPoint | Time Spent: 7.375259
Trail No.:46 Ends
User starts reading map for 2 seconds.
Trail No.:40 Begins
1005.844: -0.006527288,-0.2112632,1.553062,14.18077
1006.289: -0.008737035,-0.2123316,1.553946,13.38262
1006.733: -0.01468696,-0.190734,1.548771,11.91985
1007.178: 0.05052102,-0.06890398,1.541153,17.23095
1007.622: 0.2948227,0.1432832,1.537129,24.9501
1008.067: 0.5503155,0.4244081,1.466989,33.40819
1008.511: 0.7814794,0.7136739,1.514245,34.1684
1008.956: 1.075393,0.8995876,1.509571,31.72043
1009.4: 1.329593,1.125451,1.496339,28.61308
Distance to Expected Destination: 0.7747641
Trail Result: Fail at object: Level1EndingPoint | Time Spent: 4.17757
Trail No.:40 Ends
User starts reading map for 2 seconds.
Trail No.:37 Begins
1020.722: -0.001228102,-0.2167051,1.547379,5.242614
1021.167: -0.0487377,-0.17852,1.551355,351.8633
1021.611: -0.1917943,-0.02641127,1.512606,338.7909
1022.056: -0.3209524,0.1727824,1.545536,329.9966
1022.5: -0.537014,0.3096689,1.561853,329.8657
1022.944: -0.8932354,0.4035483,1.565226,337.299
1023.389: -1.175877,0.6400259,1.558353,328.8795
1023.833: -1.393411,0.9074768,1.584672,326.6214
1024.278: -1.694413,1.098348,1.596952,339.0785
Distance to Expected Destination: 4.004502
Trail Result: Fail at object: Level1EndingPoint | Time Spent: 4.343723
Trail No.:37 Ends
User starts reading map for 2 seconds.
Trail No.:29 Begins
1041.544: -0.007533103,-0.2707514,1.5618,31.42962
1041.989: 0.001983894,-0.2649705,1.560615,32.05964
1042.433: -0.0004797606,-0.2659285,1.559585,30.71774
1042.878: 0.001217591,-0.2754529,1.555453,33.3629
1043.322: 0.008492442,-0.2824241,1.552324,39.03212
1043.767: 0.01425945,-0.2899944,1.550299,45.10537
1044.211: 0.01415606,-0.2919608,1.550951,45.70467
1044.656: 0.03072452,-0.2949871,1.555206,55.36832
1045.1: 0.06377265,-0.3179567,1.553339,79.03748
1045.544: 0.06338476,-0.3219396,1.552091,77.44225
1045.989: 0.05954681,-0.316259,1.552508,70.02697
1046.433: 0.01882314,-0.2772253,1.562566,34.88073
1046.878: -0.0106767,-0.2643444,1.564151,14.40298
1047.322: -0.01521617,-0.2721263,1.555189,13.30186
1047.767: -0.00844769,-0.2572381,1.558831,13.76652
1048.211: -0.003844831,-0.247184,1.559396,11.44348
1048.656: -0.0006286753,-0.248578,1.559347,13.12228
1049.1: 0.006071677,-0.2493814,1.557045,15.0178
1049.544: 0.002389222,-0.2366959,1.55633,15.75351
1049.989: -0.005026589,-0.2353316,1.557526,14.43911
1050.433: -0.01097613,-0.2368622,1.559222,14.34941
1050.878: -0.01156442,-0.2339644,1.558332,15.42505
1051.322: -0.01163362,-0.2335442,1.55854,15.21697
1051.767: -0.01330441,-0.2330891,1.558556,14.1216
1052.211: -0.01515778,-0.2285267,1.556676,13.66278
1052.656: -0.003610439,-0.2163978,1.555473,20.05917
1053.1: 0.1239546,-0.2357627,1.53972,71.18308
1053.544: 0.347827,-0.305745,1.515152,88.63819
1053.989: 0.6608987,-0.2778912,1.478403,88.49904
1054.433: 1.033557,-0.2093953,1.490453,91.14947
1054.878: 1.374402,-0.2466033,1.474649,93.28288
1055.322: 1.68407,-0.2898495,1.487042,87.68985
Distance to Expected Destination: 1.716719
Trail Result: Fail at object: Level1EndingPoint | Time Spent: 14.43778
Trail No.:29 Ends
User starts reading map for 2 seconds.
Trail No.:8 Begins
1068.245: -0.02917006,-0.2315873,1.548817,6.999271
1068.689: -0.02727653,-0.2316044,1.548413,7.414182
1069.133: -0.02527482,-0.2329874,1.549265,6.935165
1069.578: -0.01900535,-0.2206409,1.544985,6.18819
1070.022: -0.02021673,-0.2053644,1.539783,4.624553
1070.467: -0.01869075,-0.2041106,1.544856,2.626055
1070.911: -0.01478896,-0.1594685,1.52898,341.5664
1071.356: -0.07343499,-0.2132537,1.532693,331.3318
1071.8: -0.3582215,-0.394021,1.522375,342.6156
1072.245: -0.531173,-0.543193,1.567195,0.02102729
1072.689: -0.6313121,-0.6799569,1.577983,355.8498
1073.133: -0.8468581,-0.7788646,1.5595,5.247596
1073.578: -0.9641821,-0.8568412,1.578319,11.24971
1074.022: -1.012495,-0.9159669,1.583573,7.341012
1074.467: -1.068267,-0.9622332,1.59178,14.8128
1074.911: -1.089781,-0.9881784,1.591037,16.66219
1075.356: -1.092026,-0.9815899,1.587567,14.73549
Distance to Expected Destination: 0.2720418
Trail Result: Success object: Level1EndingPoint | Time Spent: 7.796169
Trail No.:8 Ends
User starts reading map for 2 seconds.
Trail No.:25 Begins
1086.189: 0.05023149,-0.2464516,1.540383,353.28
1086.633: 0.05430625,-0.2438315,1.540383,354.9899
1087.078: 0.05567382,-0.2186549,1.54063,350.039
1087.522: -0.01800472,-0.2547812,1.544311,303.3992
1087.967: -0.005638734,-0.3700725,1.5598,312.2063
1088.411: 0.03053014,-0.4227613,1.558995,336.4928
1088.856: 0.0359392,-0.4283582,1.561125,337.5953
1089.3: -0.03175192,-0.4435029,1.568615,265.0307
1089.745: 0.02371988,-0.5732663,1.547878,197.6639
1090.189: 0.0728083,-0.7707343,1.507807,186.0928
1090.633: 0.01756296,-1.013848,1.495296,186.8701
1091.078: -0.08587267,-1.323067,1.531391,187.4525
1091.522: -0.08816303,-1.701167,1.498594,185.3766
1091.967: -0.1130368,-2.054358,1.496198,186.1618
1092.411: -0.1738653,-2.359485,1.524139,182.1722
Distance to Expected Destination: 0.4233533
Trail Result: Fail at object: Level1EndingPoint | Time Spent: 7.097195
Trail No.:25 Ends
User starts reading map for 2 seconds.
Trail No.:3 Begins
1104.633: 0.01215166,-0.1212636,1.560667,6.542674
1105.078: 0.01052874,-0.1106288,1.555162,6.163671
1105.522: 0.004278919,-0.09117907,1.546907,5.769238
1105.967: -0.02591331,-0.03999661,1.535261,5.942599
1106.411: -0.06056058,0.1685365,1.518178,0.1200155
1106.856: -0.07840657,0.5176959,1.534517,352.5815
1107.3: -0.2139316,0.8896199,1.514948,348.7053
1107.745: -0.3486119,1.297457,1.545788,348.1758
1108.189: -0.4332114,1.677715,1.563867,343.7877
1108.633: -0.5700997,2.024621,1.559623,347.6875
Distance to Expected Destination: 0.4077045
Trail Result: Fail at object: Level1EndingPoint | Time Spent: 4.711342
Trail No.:3 Ends
User starts reading map for 2 seconds.
Trail No.:15 Begins
1126.256: 0.03200691,0.080147,1.535366,3.902441
1126.7: 0.02644846,0.1872283,1.52709,6.976275
1127.145: 0.1494163,0.4615344,1.505634,9.680493
1127.589: 0.3161722,0.8361134,1.521685,13.74589
1128.033: 0.4135333,1.264655,1.544828,15.50704
1128.478: 0.575609,1.648014,1.52239,14.39403
1128.922: 0.6822158,2.015785,1.523034,12.20157
1129.367: 0.7446318,2.277462,1.545298,16.11207
Distance to Expected Destination: 1.705667
Trail Result: Fail at object: Level1EndingPoint | Time Spent: 3.676365
Trail No.:15 Ends
User starts reading map for 2 seconds.
Trail No.:4 Begins
1140.756: -0.03165903,-0.184259,1.538693,5.948064
1141.2: -0.1148059,-0.03966396,1.524639,357.4783
1141.645: -0.1857087,0.2965884,1.535559,350.5679
1142.089: -0.3379633,0.6258882,1.540942,348.5975
1142.533: -0.5305399,0.9711863,1.581547,348.0331
1142.978: -0.6280361,1.272283,1.569335,345.341
1143.422: -0.76019,1.456182,1.578615,347.001
1143.867: -0.8689388,1.554716,1.599173,349.9041
Distance to Expected Destination: 0.27122
Trail Result: Success object: Level1EndingPoint | Time Spent: 3.600166
Trail No.:4 Ends
User starts reading map for 2 seconds.
Trail No.:35 Begins
1155.356: -0.01906601,-0.3380904,1.540873,8.627346
1155.8: -0.1499788,-0.2705033,1.5439,340.9809
1156.245: -0.4794447,-0.2102267,1.561798,316.7584
1156.689: -0.8025621,-0.1007488,1.551206,297.8367
1157.133: -1.13756,0.03900199,1.580594,289.4793
1157.578: -1.564805,0.07657114,1.595973,289.323
1158.022: -1.961324,0.1534631,1.589257,284.8448
1158.467: -2.258979,0.1979467,1.616734,283.2679
Distance to Expected Destination: 1.578923
Trail Result: Fail at object: Level1EndingPoint | Time Spent: 3.889259
Trail No.:35 Ends
User starts reading map for 2 seconds.
Trail No.:41 Begins
1168.856: 0.1764033,-0.1915543,1.536288,354.6398
1169.3: 0.08508627,-0.1113428,1.532454,338.5103
1169.745: -0.2185518,0.02202166,1.544395,325.1519
1170.189: -0.5665168,0.2288244,1.534931,319.4277
1170.633: -0.9417453,0.4863706,1.586692,313.3901
1171.078: -1.336071,0.6819671,1.594851,312.8682
1171.522: -1.638256,0.9335805,1.585129,311.6517
1171.967: -1.894233,1.116855,1.610301,309.9163
Distance to Expected Destination: 3.71801
Trail Result: Fail at object: Level1EndingPoint | Time Spent: 3.820351
Trail No.:41 Ends
User starts reading map for 2 seconds.
Trail No.:6 Begins
1182.467: 0.01027731,-0.1282589,1.545318,5.697384
1182.911: 0.1993715,-0.1193857,1.523383,22.13138
1183.356: 0.6507133,-0.2307511,1.472245,37.65342
1183.8: 0.9774045,-0.1647009,1.424819,47.85871
1184.245: 1.233526,-0.1159616,1.480776,24.12896
1184.689: 1.533047,-0.2588719,1.504849,9.137254
Distance to Expected Destination: 0.4914985
Trail Result: Fail at object: Level1EndingPoint | Time Spent: 3.087521
Trail No.:6 Ends
User starts reading map for 2 seconds.
Trail No.:31 Begins
1193.656: -0.1441548,-0.199831,1.545125,9.623555
1194.1: -0.1274048,-0.1793369,1.544702,23.12807
1194.544: 0.06404778,-0.3786641,1.48571,41.50629
1194.989: 0.4135045,-0.7702103,1.403277,93.33124
1195.433: 0.6114267,-0.9834509,1.451539,97.76234
1195.878: 0.7595541,-1.226982,1.503625,107.6829
1196.322: 0.7849063,-1.568201,1.469908,174.9277
1196.767: 0.9236646,-1.749259,1.452553,159.5001
1197.211: 1.060606,-1.865254,1.50203,96.88343
1197.656: 0.9936655,-1.958354,1.514373,29.57652
1198.1: 0.9428587,-2.044049,1.513003,24.75235
Distance to Expected Destination: 0.5955024
Trail Result: Fail at object: Level1EndingPoint | Time Spent: 4.92075
Trail No.:31 Ends
User starts reading map for 2 seconds.
Trail No.:48 Begins
1207.3: -0.05202659,0.03428091,1.555632,5.147192
1207.745: -0.1590866,0.06813189,1.539909,332.9832
1208.189: -0.4414988,-0.02316852,1.522297,307.6601
1208.633: -0.7428658,-0.0004622899,1.550766,311.6972
1209.078: -1.017947,0.1022656,1.58977,333.8565
1209.522: -1.311506,0.0890192,1.588134,359.0765
1209.967: -1.493315,0.05396402,1.621139,10.31244
1210.411: -1.534692,0.06357192,1.620521,5.269335
1210.856: -1.506841,0.08234169,1.620828,21.13527
1211.3: -1.360388,0.008497933,1.602167,103.7425
1211.745: -1.290017,-0.007933665,1.596453,154.6581
1212.189: -1.035736,0.0606997,1.542481,117.5158
1212.633: -0.6144071,0.2267988,1.507222,86.38152
1213.078: -0.1557962,0.2395941,1.508413,87.90367
1213.522: 0.3259436,0.300941,1.504856,107.6554
1213.967: 0.7624569,0.3009076,1.503247,135.133
1214.411: 1.10628,0.2052468,1.506578,161.9657
1214.856: 1.469069,0.1516762,1.436225,184.5635
1215.3: 1.671748,0.1180235,1.424125,187.0542
1215.745: 1.859361,0.1175037,1.456542,189.9829
Distance to Expected Destination: 1.218733
1216.189: 2.005511,0.1442176,1.494111,197.4922
Trail Result: Fail at object: Level1EndingPoint | Time Spent: 9.336407
Trail No.:48 Ends
User starts reading map for 2 seconds.
Trail No.:23 Begins
1229.389: 0.02096583,-0.2718771,1.538861,352.8633
1229.833: 0.02213879,-0.2678256,1.538435,353.4362
1230.278: -0.002341978,-0.2478795,1.535698,341.3476
1230.722: -0.07230251,-0.2488291,1.52932,312.6601
1231.167: -0.08091096,-0.2475916,1.536308,289.203
1231.611: -0.06481335,-0.256933,1.533971,270.2675
1232.056: -0.03862133,-0.2720979,1.544584,261.7621
1232.5: -0.02785517,-0.2786573,1.547252,257.1821
1232.944: -0.02430592,-0.2334703,1.554854,291.2867
1233.389: 0.04731799,-0.1747527,1.553708,9.12004
1233.833: 0.2985345,-0.1833667,1.534755,47.39573
1234.278: 0.6150334,-0.1955687,1.50508,78.59167
1234.722: 0.9511126,-0.1651103,1.502075,84.93525
1235.167: 1.290689,-0.1992454,1.484719,85.40676
1235.611: 1.642576,-0.2767678,1.466785,79.05069
1236.056: 1.904207,-0.2667004,1.472827,68.08495
1236.5: 2.075499,-0.263499,1.488296,47.88271
Distance to Expected Destination: 2.214364
Trail Result: Fail at object: Level1EndingPoint | Time Spent: 7.808277
Trail No.:23 Ends
User starts reading map for 2 seconds.
Trail No.:19 Begins
1251.333: 0.05347959,-0.1101504,1.53889,355.5847
1251.778: 0.05214939,-0.1088347,1.53816,355.0132
1252.222: 0.04209165,-0.1136243,1.538812,349.0062
1252.667: 0.01034179,-0.1055217,1.541341,327.5323
1253.111: 0.02583636,-0.07844836,1.542506,300.8937
1253.556: 0.02438321,-0.09398649,1.543768,278.2839
1254: 0.01023911,-0.1133167,1.540156,271.7163
1254.444: 0.01281362,-0.1093498,1.541196,277.4561
1254.889: 0.01459599,-0.06656523,1.540205,305.0506
1255.333: -0.0007788558,0.07855352,1.548494,337.2203
1255.778: -0.2112425,0.211776,1.531774,323.8596
1256.222: -0.6178291,0.3741752,1.549307,313.7988
1256.667: -0.9919524,0.5411072,1.537973,298.3273
1257.111: -1.365389,0.671181,1.564557,297.8971
1257.556: -1.75995,0.7473244,1.612678,304.5554
1258: -1.979237,0.7886001,1.598893,314.971
1258.444: -2.198256,0.6256573,1.581153,343.0577
1258.889: -2.300451,0.4330898,1.588599,345.9168
1259.333: -2.360427,0.3615323,1.565276,341.4168
1259.778: -2.352744,0.371233,1.581892,357.2583
1260.222: -2.131603,0.1377969,1.587961,74.79789
1260.667: -2.079547,-0.1035772,1.572945,86.22401
1261.111: -2.108726,-0.1644995,1.587189,64.55655
1261.556: -2.1459,-0.1450018,1.590256,52.43302
1262: -2.173932,-0.2942533,1.545778,24.93047
1262.444: -2.265363,-0.5149554,1.520289,4.19111
1262.889: -2.202547,-0.7149322,1.565799,53.65578
1263.333: -2.221015,-0.8854619,1.590475,80.80038
1263.778: -2.192426,-0.9539163,1.618488,71.98433
1264.222: -2.235051,-1.025675,1.609796,17.33013
1264.667: -2.337146,-1.140235,1.571178,353.9442
1265.111: -2.368376,-1.244579,1.544917,320.8342
1265.556: -2.369061,-1.294697,1.546774,338.63
Distance to Expected Destination: 1.004171
Trail Result: Fail at object: Level1EndingPoint | Time Spent: 14.77214
Trail No.:19 Ends
User starts reading map for 2 seconds.
Trail No.:45 Begins
1276.456: 0.01411869,-0.105218,1.539331,6.034494
1276.9: 0.01307886,-0.1022391,1.538581,6.214565
1277.344: 0.009142801,-0.1027342,1.537519,5.576991
1277.789: 0.01038124,-0.08738757,1.533962,7.896255
1278.233: 0.1384475,0.06030867,1.520171,21.3528
1278.678: 0.398096,0.3481668,1.530144,25.23419
1279.122: 0.5965288,0.7307857,1.516342,28.10795
1279.567: 0.8416246,1.119843,1.498184,26.46219
1280.011: 1.10197,1.48144,1.516699,23.72041
1280.456: 1.258332,1.803589,1.516414,25.87035
Distance to Expected Destination: 2.993352
Trail Result: Fail at object: Level1EndingPoint | Time Spent: 4.64809
Trail No.:45 Ends
User starts reading map for 2 seconds.
Trail No.:13 Begins
1290.911: -0.09173374,-0.2377292,1.542816,7.480012
1291.356: -0.09136064,-0.2432067,1.54405,7.107922
1291.8: -0.09243269,-0.2493604,1.543069,7.135067
1292.245: -0.114389,-0.2433819,1.550305,355.58
1292.689: -0.1439351,-0.2235841,1.561462,315.7467
1293.133: -0.1229455,-0.2647407,1.563544,286.0631
1293.578: -0.1009562,-0.3240619,1.568922,278.7838
1294.022: -0.1080512,-0.3380911,1.570183,280.7425
1294.467: -0.1100371,-0.3464874,1.564694,284.7301
1294.911: -0.1167973,-0.296221,1.556633,313.8083
1295.356: -0.05153264,-0.2355966,1.565511,343.0639
1295.8: -0.03280861,-0.2091328,1.576127,11.31532
1296.245: -0.0434871,-0.2069348,1.5668,24.68014
1296.689: -0.05427639,-0.2041575,1.565939,28.84018
1297.133: -0.05971768,-0.2069127,1.564482,29.10819
1297.578: -0.06046279,-0.2065139,1.563944,25.57288
1298.022: -0.05554068,-0.2052819,1.564119,26.18639
1298.467: -0.05311821,-0.2029639,1.563425,26.75006
1298.911: -0.05230487,-0.2019272,1.560664,26.79134
1299.356: -0.05334739,-0.1985406,1.560058,25.09839
1299.8: -0.05009712,-0.196574,1.558234,26.24473
1300.245: -0.05091149,-0.2003548,1.556482,28.02081
1300.689: -0.05279209,-0.2081547,1.554221,27.74755
1301.133: -0.06099541,-0.2145292,1.554001,31.44906
1301.578: -0.06531961,-0.2293588,1.564719,32.70589
1302.022: -0.06188858,-0.2220272,1.562358,33.27387
1302.467: -0.05624482,-0.2159382,1.56301,32.64936
1302.911: -0.01736627,-0.1726324,1.536079,33.28707
1303.356: 0.01395237,-0.1235569,1.453952,32.43209
1303.8: 0.01945706,-0.09102437,1.426325,26.65348
1304.245: 0.0181696,-0.0948945,1.42741,26.44514
1304.689: 0.00602242,-0.1105749,1.435806,24.48189
1305.133: -0.02558243,-0.1248018,1.457741,16.51831
1305.578: -0.1183811,-0.1320617,1.487163,336.6177
1306.022: -0.2229575,-0.2338156,1.497813,292.2961
1306.467: -0.2328877,-0.2606952,1.519289,286.2878
1306.911: -0.2327313,-0.306967,1.542187,277.2753
1307.356: -0.223352,-0.3186122,1.568627,273.4989
1307.8: -0.2141106,-0.3268286,1.572154,275.782
1308.245: -0.2147293,-0.3292278,1.57204,276.2061
1308.689: -0.2163164,-0.3096917,1.576789,297.1218
1309.133: -0.1289983,-0.2413723,1.568272,3.701572
1309.578: -0.02502462,-0.235585,1.564957,63.66634
1310.022: 0.06665719,-0.306699,1.533551,117.0703
1310.467: 0.2039424,-0.5347936,1.506816,135.819
1310.911: 0.4419836,-0.7842002,1.490925,146.137
1311.356: 0.6568968,-1.058343,1.493822,152.7285
1311.8: 0.7477473,-1.386354,1.467845,153.1905
1312.245: 0.8472331,-1.675164,1.465793,152.7741
1312.689: 0.9625555,-1.879511,1.464239,159.4683
1313.133: 0.9979407,-2.038243,1.463914,157.7546
Distance to Expected Destination: 0.6656172
Trail Result: Fail at object: Level1EndingPoint | Time Spent: 22.7894
Trail No.:13 Ends
User starts reading map for 2 seconds.
Trail No.:32 Begins
1324.089: -0.0004287949,-0.0388657,1.565139,7.897693
1324.533: -0.001350542,-0.03760812,1.564027,7.334085
1324.978: 0.001457477,-0.03693021,1.563454,7.205693
1325.422: 0.00421246,-0.03437619,1.562253,8.140093
1325.867: 0.03233929,-0.06012784,1.554633,43.51412
1326.311: 0.01383067,-0.2644467,1.545772,123.441
1326.756: -0.017874,-0.5653476,1.534651,150.2699
1327.2: 0.04472989,-0.8862427,1.511893,163.6547
1327.645: 0.1619031,-1.205081,1.528163,169.8446
1328.089: 0.1909261,-1.541496,1.517439,166.7461
1328.533: 0.2049643,-1.822281,1.524469,166.551
1328.978: 0.2399797,-2.026062,1.50551,173.194
1329.422: 0.2179276,-2.165573,1.501288,179.699
Distance to Expected Destination: 1.342999
Trail Result: Fail at object: Level1EndingPoint | Time Spent: 5.898106
Trail No.:32 Ends
User starts reading map for 2 seconds.
Trail No.:39 Begins
1338.922: -0.001936427,-0.1379597,1.550552,4.215168
1339.367: 0.05809828,0.01167282,1.525776,14.67164
1339.811: 0.3005906,0.314786,1.517165,19.89247
1340.256: 0.5249595,0.7092071,1.486881,25.65088
1340.7: 0.759269,1.107889,1.51351,26.29354
1341.145: 1.079946,1.439188,1.517191,29.53381
1341.589: 1.285419,1.767442,1.502693,31.25007
Distance to Expected Destination: 0.7838917
Trail Result: Fail at object: Level1EndingPoint | Time Spent: 3.387363
Trail No.:39 Ends
User starts reading map for 2 seconds.
Trail No.:22 Begins
1355.422: -0.01855412,-0.3057277,1.533194,8.263334
1355.867: 0.1287311,-0.1381497,1.497838,16.53698
1356.311: 0.4125542,0.173018,1.521997,25.93863
1356.756: 0.5892246,0.5663562,1.504063,28.85556
1357.2: 0.7850761,0.9020719,1.496318,27.35799
1357.645: 0.9565025,1.186124,1.515854,24.78901
1358.089: 1.05617,1.388641,1.523474,26.3216
Distance to Expected Destination: 1.721082
Trail Result: Fail at object: Level1EndingPoint | Time Spent: 3.252285
Trail No.:22 Ends
User starts reading map for 2 seconds.
Trail No.:11 Begins
1367.6: -0.02637159,-0.1481056,1.555127,12.24286
1368.044: 0.1403719,-0.1125864,1.531796,36.52445
1368.489: 0.5401657,-0.09178114,1.521629,46.03924
1368.933: 0.9394788,0.03669383,1.486398,55.51329
1369.378: 1.380683,0.1336371,1.477664,64.97803
1369.822: 1.821467,0.1809472,1.487936,67.33704
1370.267: 2.190373,0.2530144,1.471036,71.43105
1370.711: 2.49593,0.2381377,1.465933,65.08727
Distance to Expected Destination: 1.505366
Trail Result: Fail at object: Level1EndingPoint | Time Spent: 3.719982
Trail No.:11 Ends
User starts reading map for 2 seconds.
Trail No.:10 Begins
1383.5: 0.02625756,-0.08196968,1.535864,6.7992
1383.944: 0.159026,0.007694826,1.518142,18.79556
1384.389: 0.4794301,0.181533,1.522657,28.73979
1384.833: 0.7108722,0.417728,1.476588,31.56784
1385.278: 0.8881351,0.621877,1.494792,29.26168
1385.722: 1.024705,0.6749861,1.507257,18.81731
Distance to Expected Destination: 0.4730631
Trail Result: Fail at object: Level1EndingPoint | Time Spent: 2.955692
Trail No.:10 Ends
User starts reading map for 2 seconds.
Trail No.:17 Begins
1395.656: -0.02338773,-0.1475646,1.534912,15.17455
1396.1: 0.1109348,-0.2088096,1.521017,59.48481
1396.544: 0.3716787,-0.4206502,1.50159,90.70782
1396.989: 0.6712621,-0.5443646,1.474946,98.54166
1397.433: 1.045611,-0.649786,1.499963,104.7548
1397.878: 1.429606,-0.8560419,1.483282,104.2543
1398.322: 1.767233,-0.9792524,1.452215,104.9753
1398.767: 2.046115,-1.064495,1.453208,107.183
1399.211: 2.194746,-1.161222,1.456347,103.7823
Distance to Expected Destination: 4.893264
Trail Result: Fail at object: Level1EndingPoint | Time Spent: 4.02063
Trail No.:17 Ends
User starts reading map for 2 seconds.
Trail No.:5 Begins
1409.044: 0.01834168,-0.03254204,1.528439,355.7552
1409.489: -0.1782235,-0.08563765,1.528764,312.9413
1409.933: -0.5027901,-0.2472837,1.548421,282.9556
1410.378: -0.8770312,-0.2421999,1.540455,281.0012
1410.822: -1.265004,-0.2323371,1.552965,280.8405
1411.267: -1.654974,-0.3222821,1.573453,278.8241
1411.711: -1.975838,-0.2977529,1.572866,286.314
1412.156: -2.258713,-0.2955573,1.610626,310.6073
Distance to Expected Destination: 1.656388
Trail Result: Fail at object: Level1EndingPoint | Time Spent: 3.66592
Trail No.:5 Ends
User starts reading map for 2 seconds.
Trail No.:16 Begins
1422.6: -0.004326187,-0.01355071,1.536257,358.703
1423.044: -0.1465882,0.1240849,1.522921,341.6751
1423.489: -0.4803481,0.3918791,1.552922,333.3335
1423.933: -0.7227373,0.6600245,1.542661,324.8069
1424.378: -0.9823204,0.7642176,1.540725,315.5143
1424.822: -1.379002,0.6345344,1.573694,323.5663
1425.267: -1.659557,0.6128845,1.585865,324.8286
1425.711: -1.895349,0.5882661,1.598452,318.3065
Distance to Expected Destination: 1.711247
1426.156: -2.050608,0.5551224,1.624174,338.1994
Trail Result: Fail at object: Level1EndingPoint | Time Spent: 4.000839
Trail No.:16 Ends
User starts reading map for 2 seconds.
Trail No.:26 Begins
1437.733: -0.06815483,0.02851284,1.554138,6.841011
1438.178: -0.05515666,0.03031635,1.549085,14.6368
1438.622: 0.1318019,-0.1179748,1.482715,17.06039
1439.067: 0.2833909,-0.3217411,1.482522,8.250895
1439.511: 0.2514457,-0.4612232,1.481394,6.314585
1439.956: 0.3396064,-0.6529008,1.494721,3.228369
1440.4: 0.4571277,-0.8685443,1.487077,8.379491
1440.844: 0.5367551,-1.12604,1.443893,116.4324
1441.289: 0.467663,-1.372899,1.494183,152.5963
1441.733: 0.5772763,-1.670234,1.503766,128.6589
1442.178: 0.5814792,-1.870758,1.528835,78.1158
1442.622: 0.5160921,-1.906132,1.531764,19.71778
Distance to Expected Destination: 2.968914
Trail Result: Fail at object: Level1EndingPoint | Time Spent: 5.380863
Trail No.:26 Ends
User starts reading map for 2 seconds.
Trail No.:36 Begins
1450.956: 0.0947551,-0.05808082,1.557417,106.7057
1451.4: 0.0910622,-0.02896368,1.552284,105.9676
1451.844: 0.1077622,-0.01063197,1.556365,85.59129
1452.289: 0.088605,0.02328135,1.553542,49.48485
1452.733: -0.04950074,0.05189784,1.565213,19.39436
1453.178: -0.02092841,0.04204229,1.571098,45.83122
1453.622: 0.170446,-0.1789026,1.538495,97.61713
1454.067: 0.4149897,-0.33531,1.499298,104.4785
1454.511: 0.7315096,-0.4136137,1.492007,101.8902
1454.956: 0.9799972,-0.5519505,1.473175,110.0895
1455.4: 1.163044,-0.8573706,1.481419,123.529
1455.844: 1.359712,-1.046998,1.486022,121.3002
1456.289: 1.519348,-1.17976,1.507899,117.5009
Distance to Expected Destination: 0.8754669
Trail Result: Fail at object: Level1EndingPoint | Time Spent: 6.096233
Trail No.:36 Ends
User starts reading map for 2 seconds.
Trail No.:20 Begins
1468.767: 0.04315109,-0.3053395,1.556315,309.25
1469.211: 0.07854721,-0.2973939,1.564947,336.2481
1469.656: 0.1357189,-0.28853,1.559093,13.9671
1470.1: 0.1499921,-0.28338,1.571854,24.34487
1470.544: 0.1292876,-0.2989259,1.570998,26.09717
1470.989: 0.1353913,-0.2768584,1.565459,27.9759
1471.433: 0.1056432,-0.2121789,1.546732,357.5813
1471.878: -0.06855967,-0.3472045,1.542066,277.0867
1472.322: -0.2509153,-0.5915833,1.519108,245.6766
1472.767: -0.5421246,-0.7249095,1.52875,237.0933
1473.211: -0.8166273,-0.9139695,1.542821,232.1936
1473.656: -1.093463,-1.23877,1.569406,231.7471
1474.1: -1.37784,-1.505523,1.563927,234.6624
1474.544: -1.567337,-1.678775,1.586102,259.9021
1474.989: -1.623899,-1.776559,1.598778,333.8007
1475.433: -1.559278,-1.838984,1.596958,9.152452
Distance to Expected Destination: 2.405652
Trail Result: Fail at object: Level1EndingPoint | Time Spent: 7.142017
Trail No.:20 Ends
User starts reading map for 2 seconds.
Trail No.:34 Begins
1484.9: 0.08941572,-0.09550159,1.529221,357.3112
1485.344: -0.01096334,0.04959511,1.5118,337.9246
1485.789: -0.2840057,0.3096124,1.539917,329.7088
1486.233: -0.5015641,0.5770258,1.520324,322.779
1486.678: -0.7156992,0.7824266,1.553436,316.9186
Distance to Expected Destination: 0.2796334
Trail Result: Success object: Level1EndingPoint | Time Spent: 2.554615
Trail No.:34 Ends
