Participant Name: Carol
Participant Gender: F
Participant ID: 5
Test Date: d
Navi Mode: full
Trail No.:-1 Begins
32.44445: -0.01959698,0.1567047,1.394622,4.330866
32.88889: -0.02550412,0.120172,1.497719,10.40188
33.33334: -0.05539138,0.06009412,1.532748,5.957355
33.77778: -0.05656307,-0.1274137,1.51212,328.2957
34.22222: 0.01890169,-0.2032715,1.505067,354.7758
34.66667: 0.01746161,-0.189999,1.521407,7.714799
35.11111: 0.01060215,-0.1694848,1.520346,15.6637
35.55556: -0.02818899,-0.1575444,1.513852,352.6285
36: -0.05297352,-0.1568424,1.512932,343.8527
36.44445: -0.06049847,-0.15269,1.512811,339.2976
36.88889: -0.02124482,-0.145235,1.512848,358.8618
37.33334: -0.0181086,-0.1409695,1.512115,359.6554
37.77778: -0.05538853,-0.08961615,1.502959,354.3534
38.22222: -0.05916831,0.02125408,1.495978,13.95822
38.66667: -0.0005811825,0.2484168,1.478812,1.278429
39.11111: -0.06868308,0.5149683,1.454249,343.7531
39.55556: -0.2054555,0.7723585,1.494773,337.8955
Tutorial Bubble: Sphere (2) Clicked
40: -0.2853455,1.043749,1.490226,333.1478
40.44445: -0.3202736,1.175652,1.501107,355.5481
40.88889: -0.296652,1.181096,1.503681,42.08372
Tutorial Bubble: Sphere Clicked
41.33334: -0.1723622,1.181367,1.496052,49.06653
41.77778: 0.02494024,1.204466,1.495799,55.44541
Tutorial Bubble: Sphere (1) Clicked
42.22222: 0.1678135,1.32813,1.493266,66.07848
42.66667: 0.2524467,1.311996,1.49648,144.8757
43.11111: 0.1541944,1.201385,1.498358,178.5866
43.55556: 0.1246255,1.189779,1.514708,186.1273
44: 0.1422753,1.232451,1.522489,194.4653
44.44445: 0.1428962,1.293055,1.501036,214.6302
44.88889: 0.1737167,1.323959,1.490912,214.5231
45.33334: 0.01334856,1.229007,1.465536,191.739
45.77778: -0.1282776,1.094629,1.482212,157.7093
46.22223: -0.3896909,0.8297433,1.446229,210.8536
46.66667: -0.7400221,0.6503357,1.435243,235.7408
47.11111: -1.038383,0.483667,1.49727,235.5316
47.55556: -1.276272,0.2642628,1.509001,238.9566
Distance to Expected Destination: 0.6620334
Trail Result: Fail at object: TutorialDestination | Time Spent: -2.147484E+09
Trail No.:-1 Ends
Trail No.:0 Begins
63.26667: 0.0297815,-0.6414642,1.499444,90.81864
63.71111: -0.0254751,-0.7110223,1.510719,150.2729
64.15556: -0.08067748,-0.6832727,1.507519,206.9169
64.6: -0.1072933,-0.5067617,1.497096,266.6328
65.04445: -0.08516923,-0.2838633,1.513453,306.7639
65.48889: 0.01350963,-0.1455319,1.520289,0.6997484
65.93333: -0.05420608,-0.2670261,1.507521,351.2718
66.37778: -0.08633576,-0.3528572,1.515427,354.2551
66.82223: -0.05097564,-0.3030426,1.526866,359.7244
67.26667: -0.04591664,-0.252959,1.517987,358.0725
67.71111: -0.1400847,-0.2242893,1.516713,356.6578
68.15556: -0.1562019,-0.1892421,1.523657,358.4671
68.6: -0.1477958,-0.170406,1.520298,359.7567
69.04445: -0.177789,-0.1785332,1.521177,355.7338
69.48889: -0.1775409,-0.2011248,1.522623,357.6839
69.93333: -0.1702834,-0.229516,1.522456,356.7626
70.37778: -0.1572928,-0.2460114,1.520897,359.7016
70.82223: -0.1582849,-0.2540642,1.515752,356.8645
71.26667: -0.1606274,-0.2455319,1.518482,357.2461
71.71111: -0.159939,-0.2390752,1.526064,357.8474
72.15556: -0.1555007,-0.2370232,1.52329,359.0398
72.6: -0.1575881,-0.235144,1.518885,357.9236
73.04445: -0.1638767,-0.2320497,1.504339,354.34
73.48889: -0.1515135,-0.2303304,1.485291,359.2539
73.93333: -0.1494657,-0.2357903,1.500154,0.5453084
74.37778: -0.1570313,-0.2425516,1.520243,357.4741
74.82223: -0.1689955,-0.2292332,1.509006,354.3817
75.26667: -0.165257,-0.2289808,1.510123,357.5806
75.71111: -0.1630785,-0.2347245,1.510421,356.1608
76.15556: -0.1588275,-0.2348067,1.510411,357.93
76.6: -0.1618286,-0.2325727,1.510196,356.5755
77.04445: -0.1587321,-0.2266278,1.509254,358.117
77.48889: -0.1561501,-0.2225018,1.508891,359.6869
77.93333: -0.1602645,-0.2234306,1.50477,358.07
78.37778: -0.1603338,-0.2220607,1.497322,358.2021
78.82223: -0.1561782,-0.2197267,1.498839,1.145409
79.26667: -0.1601111,-0.2194161,1.500304,0.02041979
79.71111: -0.158796,-0.2175592,1.499058,1.254235
80.15556: -0.1688079,-0.2162305,1.499627,354.8651
80.6: -0.1646541,-0.2169326,1.499203,358.1538
81.04445: -0.1621383,-0.21801,1.499143,359.9627
81.48889: -0.1687557,-0.2184101,1.498106,358.2749
81.93333: -0.1666093,-0.221007,1.49812,359.0817
82.37778: -0.1653822,-0.2226247,1.496755,358.5679
82.82223: -0.1658997,-0.2226665,1.489511,357.7444
83.26667: -0.1646347,-0.2212832,1.489771,358.2212
83.71111: -0.1620801,-0.2203728,1.490662,359.2386
84.15556: -0.1613945,-0.2196698,1.490332,358.0121
84.6: -0.1564288,-0.2176118,1.481259,358.5209
85.04445: -0.1461547,-0.2065715,1.477099,0.3845254
85.48889: -0.1198578,-0.2077982,1.473326,0.4990369
85.93333: -0.1254321,-0.2227648,1.484046,359.426
86.37778: -0.1601314,-0.2522278,1.509067,357.4386
86.82223: -0.1631542,-0.2760566,1.510423,359.0428
87.26667: -0.1606105,-0.2874619,1.512135,358.7473
87.71111: -0.1695826,-0.2851684,1.511522,355.2774
88.15556: -0.1626145,-0.2756906,1.509724,0.4107598
88.6: -0.1655626,-0.2664309,1.508559,359.0523
89.04445: -0.167504,-0.2596511,1.50758,359.4446
89.48889: -0.1680131,-0.2596771,1.507161,359.3962
89.93333: -0.1669537,-0.255926,1.506173,359.7834
90.37778: -0.1683536,-0.2492161,1.504176,359.6903
90.82223: -0.171815,-0.2449304,1.502416,359.4699
91.26667: -0.1744562,-0.2441464,1.501656,359.4465
91.71111: -0.1775895,-0.2463898,1.500777,359.7263
92.15556: -0.176231,-0.2519294,1.500248,1.322173
92.6: -0.1790894,-0.2556286,1.497415,0.516989
93.04445: -0.1799442,-0.2531005,1.496085,0.7784758
93.48889: -0.1860753,-0.2484277,1.495486,359.4631
93.93333: -0.1883843,-0.2492426,1.495597,359.3835
94.37778: -0.1864437,-0.248534,1.494708,358.3162
94.82223: -0.1810132,-0.2487785,1.493985,359.0111
95.26667: -0.1800456,-0.24634,1.491706,358.2452
95.71111: -0.1790648,-0.241782,1.48872,358.641
96.15556: -0.1757419,-0.2391033,1.487186,0.00623429
96.60001: -0.1761023,-0.2397601,1.486405,359.825
97.04445: -0.1770115,-0.2448307,1.48649,359.2518
97.48889: -0.1722489,-0.249541,1.486122,0.0787512
97.93333: -0.1724914,-0.2554182,1.487087,0.7476087
98.37778: -0.1878984,-0.2521391,1.473976,1.91292
98.82223: -0.1966174,-0.2447274,1.415893,13.37253
99.26667: -0.1753232,-0.2486401,1.372298,15.34476
99.71111: -0.116467,-0.3046922,1.370171,19.8252
100.1556: -0.1309931,-0.3648588,1.380846,8.001692
100.6: -0.1437677,-0.3935127,1.369513,6.682985
101.0444: -0.1614155,-0.360369,1.380608,2.565092
101.4889: -0.2836143,-0.2327306,1.449973,11.83223
101.9333: -0.3529271,-0.1121793,1.481391,11.66623
102.3778: -0.3046544,-0.04484233,1.48004,5.89059
102.8222: -0.277169,-0.02277228,1.469546,5.497302
103.2667: -0.2793378,-0.02413349,1.462706,8.781765
103.7111: -0.3029312,0.007420582,1.463107,8.868989
104.1556: -0.3371045,0.03813096,1.468993,3.391652
104.6: -0.3413979,0.03011495,1.463212,1.914583
105.0444: -0.3296613,0.0154103,1.460595,5.757495
105.4889: -0.326347,0.01421977,1.46372,5.536894
105.9333: -0.2830008,0.006517228,1.470345,32.72473
106.3778: -0.2467858,-0.07679833,1.484403,98.77934
106.8222: -0.273474,-0.09793964,1.485471,137.1173
107.2667: -0.2500008,-0.046928,1.487039,115.2673
107.7111: -0.248418,0.08394435,1.480982,52.43853
108.1556: -0.3335502,0.2138409,1.469743,15.39496
108.6: -0.2831854,0.2829177,1.438834,47.59767
109.0444: -0.1173533,0.1545566,1.375797,96.35724
109.4889: -0.0327293,0.008679722,1.326469,134.4031
109.9333: 0.04242667,0.0071197,1.402713,163.3232
110.3778: -0.01067613,0.05066404,1.483197,182.7892
110.8222: -0.05626015,0.07538071,1.493148,185.1274
Learning Tutorial: user starts reading map for 10 seconds
111.2667: -0.0132595,0.06566627,1.498602,184.5126
111.7111: 0.0176705,0.07631488,1.522912,186.7027
112.1556: 0.01956728,0.05984952,1.498333,184.9262
112.6: 0.01491171,0.05906981,1.502638,178.9591
113.0444: 0.01431007,0.07124013,1.515191,179.8004
113.4889: 0.01409197,0.06782605,1.51617,175.0734
113.9333: 0.01191941,0.06604144,1.511894,175.6322
114.3778: 0.0237564,0.05892905,1.501577,169.6348
114.8222: 0.04146,0.06361459,1.499853,160.7309
115.2667: 0.03522774,0.07379244,1.504352,164.105
115.7111: 0.01228658,0.0682945,1.503786,176.2146
116.1556: 0.01187398,0.05506843,1.479779,175.9412
116.6: 0.008071635,0.04587488,1.484191,176.3657
117.0444: 0.007399235,0.04988506,1.498274,173.1813
117.4889: 0.01139329,0.06167236,1.511308,170.0933
117.9333: 0.006808117,0.06506722,1.512947,174.8978
118.3778: -0.01149052,0.06039506,1.517893,188.6263
118.8222: -0.01215672,0.05271073,1.516794,187.2853
119.2667: 0.003082633,0.05040215,1.512249,181.3645
119.7111: 0.009507451,0.05318943,1.510978,179.4469
120.1556: 0.01302991,0.03552187,1.480366,179.7908
120.6: -0.02238726,0.02286799,1.480091,203.7428
121.0444: -0.04709977,0.0149426,1.47931,217.3854
121.4889: -0.03903825,0.01742573,1.483821,206.5768
121.9333: 0.03539223,0.005313738,1.47257,165.0122
122.3778: 0.1988624,0.1650381,1.471133,84.96683
122.8222: 0.2758726,0.3233668,1.466814,24.43713
123.2667: 0.3872776,0.2994173,1.455188,348.2105
123.7111: 0.5910034,0.4317929,1.439148,12.99833
124.1556: 0.7891742,0.6951934,1.445493,36.69994
124.6: 1.089703,0.9006287,1.456077,59.99466
125.0444: 1.358098,1.090804,1.446943,93.67177
125.4889: 1.617722,1.182426,1.460743,134.6283
Learning Tutorial: user selects target 0 position
125.9333: 1.808222,1.126546,1.469409,162.703
126.3778: 1.909783,1.087853,1.472453,195.5623
126.8222: 1.973846,1.079352,1.474437,245.6146
127.2667: 1.974498,1.225649,1.477404,274.0686
127.7111: 1.943116,1.421123,1.474045,277.7296
128.1556: 1.849374,1.415816,1.473003,269.3629
128.6: 1.701392,1.250221,1.469559,250.054
129.0444: 1.600712,1.220725,1.467601,290.4886
129.4889: 1.579432,1.123003,1.482864,296.5786
129.9333: 1.565021,1.05745,1.48172,288.0876
130.3778: 1.53862,1.050678,1.478267,291.2393
130.8222: 1.473264,1.084528,1.473208,292.1023
131.2667: 1.366404,1.114626,1.477617,288.0957
131.7111: 1.255977,0.9913283,1.471532,300.5645
132.1556: 1.133679,0.8321617,1.476719,309.73
132.6: 0.9465451,0.7107607,1.450799,308.0309
133.0444: 0.8037595,0.5932597,1.481174,319.7417
133.4889: 0.6854395,0.3899349,1.45393,334.9354
133.9333: 0.5548233,0.2306513,1.47396,327.8656
134.3778: 0.4544147,0.19859,1.469094,337.2477
134.8222: 0.3226718,0.1192176,1.474225,343.2813
135.2667: 0.1421649,-0.02052962,1.449672,349.1649
135.7111: 0.1094429,-0.1630706,1.345574,355.5929
136.1556: 0.08071374,-0.2599014,1.353557,346.0594
136.6: 0.000977979,-0.1893607,1.35384,322.2889
137.0444: -0.09261551,-0.07431795,1.446517,279.1705
137.4889: -0.07520802,-0.01849095,1.471966,198.1665
137.9333: -0.01726963,0.009767943,1.484292,172.3735
138.3778: -0.04978865,0.007781527,1.497105,168.3328
138.8222: -0.06859971,-0.004653533,1.493465,162.9176
139.2667: -0.05347787,-0.01139659,1.490882,159.595
139.7111: -0.07255565,-0.02156372,1.49029,174.1333
Learning Tutorial: user starts reading map for 10 seconds
140.1556: -0.0740238,-0.01821859,1.503949,175.3801
140.6: -0.06665742,-0.002276786,1.509724,170.4033
141.0444: -0.07105938,-0.006079933,1.504432,172.033
141.4889: -0.08943368,-0.05572076,1.480937,200.3702
141.9333: -0.1116159,-0.07267886,1.479007,222.4961
142.3778: -0.208504,-0.03410544,1.481275,235.9104
142.8222: -0.2556769,0.01323865,1.486984,262.5327
143.2667: -0.1654339,-0.02454801,1.466133,271.4949
143.7111: -0.1008947,-0.02185991,1.464999,284.4594
144.1556: -0.1219106,0.1122214,1.460336,316.0197
144.6: -0.1824474,0.2212578,1.493873,311.7039
145.0444: -0.1656973,0.3179164,1.497913,326.1787
145.4889: -0.1413305,0.4461793,1.473429,1.651329
145.9333: -0.1341309,0.6140218,1.477423,30.57444
146.3778: -0.01337263,0.7522517,1.479068,44.62416
146.8222: 0.2122003,0.8123801,1.473869,66.46841
147.2667: 0.3205274,0.8181182,1.489679,89.67181
147.7111: 0.3669744,0.883628,1.485575,97.80194
148.1556: 0.4080106,0.9635436,1.491338,98.57719
148.6: 0.4043202,0.9681836,1.487094,97.96147
149.0444: 0.4168895,0.9840527,1.454551,111.2574
149.4889: 0.5537727,0.9649809,1.429282,130.1727
149.9333: 0.7949004,0.7914904,1.436945,150.5292
150.3778: 1.078109,0.6245779,1.43777,158.0296
150.8222: 1.382623,0.4156803,1.478801,171.434
151.2667: 1.576953,0.1234086,1.468536,185.7067
151.7111: 1.716385,-0.1659194,1.455853,209.9411
152.1556: 1.823873,-0.4621837,1.469687,234.2201
152.6: 1.784142,-0.7000408,1.438743,238.925
153.0444: 1.769728,-0.8557085,1.396697,254.8705
153.4889: 1.769135,-0.9415138,1.417233,247.6945
153.9333: 1.789116,-0.9239731,1.424231,251.507
154.3778: 1.80567,-0.9187773,1.415466,255.9304
Learning Tutorial: user selects target 1 position
154.8222: 1.800776,-0.9150167,1.42371,263.0319
155.2667: 1.793634,-0.9032524,1.4203,272.3223
155.7111: 1.784072,-0.9031166,1.418231,266.9478
156.1556: 1.786037,-0.9188659,1.428298,250.1281
156.6: 1.802759,-0.928107,1.434182,243.1815
157.0444: 1.800429,-0.9307914,1.433872,244.0468
157.4889: 1.808535,-0.9246938,1.439783,245.4465
157.9333: 1.817048,-0.9092813,1.446608,252.3705
158.3778: 1.818656,-0.9037463,1.457167,254.3899
158.8222: 1.812781,-0.902786,1.461073,253.066
159.2667: 1.818481,-0.9276834,1.484526,244.5643
159.7111: 1.834219,-1.009395,1.471258,224.0009
160.1556: 1.83788,-1.14516,1.470283,227.2746
Learning Tutorial: user starts reading map for 10 seconds
160.6: 1.703722,-1.302523,1.471815,241.1092
161.0444: 1.660895,-1.38786,1.510351,253.0957
161.4889: 1.673186,-1.436622,1.515233,268.935
161.9333: 1.634163,-1.404131,1.483476,286.6386
162.3778: 1.607845,-1.172562,1.485513,298.5415
162.8222: 1.551798,-0.9933074,1.493486,303.3738
163.2667: 1.414483,-0.8707409,1.491309,304.0045
163.7111: 1.367548,-0.7615097,1.506879,294.114
164.1556: 1.367013,-0.7497351,1.505112,290.5007
164.6: 1.359739,-0.7560765,1.50424,290.5082
165.0444: 1.354461,-0.7632915,1.503862,289.5471
165.4889: 1.351328,-0.7685767,1.502724,289.8989
165.9333: 1.376998,-0.72976,1.501933,328.2946
166.3778: 1.371542,-0.729457,1.512273,335.1548
166.8222: 1.342745,-0.7176288,1.473582,328.0601
167.2667: 1.258864,-0.7340925,1.455959,308.7096
167.7111: 1.156898,-0.6994419,1.436438,307.2421
168.1556: 1.043474,-0.5492179,1.477893,305.163
168.6: 0.9239137,-0.4922392,1.491357,305.9091
169.0444: 0.8240228,-0.5066872,1.497988,319.9914
169.4889: 0.8092011,-0.4560326,1.461386,353.9349
169.9333: 0.8881063,-0.442764,1.452571,52.05762
170.3778: 0.7443604,-0.5189714,1.411751,96.07146
170.8222: 0.515138,-0.6752318,1.44014,142.6861
171.2667: 0.2566138,-0.7203512,1.464832,198.8533
171.7111: 0.3075739,-0.5588398,1.431028,263.1828
172.1556: 0.4244059,-0.3507104,1.477197,302.6386
172.6: 0.5420587,-0.1431169,1.430896,318.5109
173.0444: 0.6383397,-0.07192345,1.484404,0.7278866
173.4889: 0.603901,-0.05513069,1.460901,13.36968
173.9333: 0.6568681,0.2121767,1.412281,8.739965
174.3778: 0.6435443,0.5481451,1.436959,336.3662
174.8222: 0.4885108,0.8876067,1.460263,331.7693
175.2667: 0.3495848,1.226738,1.452925,314.6109
175.7111: 0.1679109,1.456687,1.460832,292.3058
Learning Tutorial: user selects target 2 position
176.1556: 0.007027918,1.56807,1.477691,276.7171
176.6: 0.0960104,1.610413,1.459,255.5475
177.0444: 0.1750303,1.59915,1.390399,268.2839
177.4889: 0.3789009,1.501096,1.448051,278.6892
177.9333: 0.559464,1.476115,1.454581,284.3911
178.3778: 0.6764919,1.448857,1.464387,291.1113
178.8222: 0.7296575,1.427281,1.470466,297.2497
179.2667: 0.7552719,1.442901,1.468279,309.0926
179.7111: 0.7573824,1.481687,1.469028,310.1894
180.1556: 0.7240794,1.351606,1.4714,298.2238
180.6: 0.6872907,1.115616,1.458418,314.7821
181.0444: 0.7409426,1.021768,1.46217,330.7743
181.4889: 0.7349998,0.8166182,1.405043,279.1238
181.9333: 0.6785462,0.5385149,1.402475,220.6206
182.3778: 0.5170341,0.4046929,1.36893,219.2562
182.8222: 0.2627828,0.3250788,1.394938,201.4935
183.2667: 0.1554971,0.1718198,1.439161,185.8523
Learning Tutorial: user starts reading map for 10 seconds
183.7111: 0.1571703,0.02237324,1.490577,183.9457
184.1556: 0.1122583,0.00841383,1.509922,180.536
184.6: 0.02089167,-0.02143132,1.515617,179.3668
185.0444: -0.04478255,-0.02992073,1.498515,183.9682
185.4889: -0.04116779,-0.04912749,1.505429,184.7439
185.9333: -0.03121444,-0.0543002,1.522325,191.7764
186.3778: -0.02842918,-0.04131655,1.522405,194.1757
186.8222: -0.03137603,-0.03370217,1.527388,195.5234
187.2667: -0.02649012,-0.04014354,1.50858,187.9764
187.7111: -0.01817116,-0.03771871,1.500389,188.0072
188.1556: -0.01602181,-0.04544367,1.48918,189.6449
188.6: -0.01755072,-0.05215658,1.48203,195.8882
189.0444: -0.01559987,-0.05460527,1.4737,194.5868
189.4889: -0.01233147,-0.04645477,1.482679,191.0243
189.9333: -0.007335471,-0.0281834,1.484721,188.5548
190.3778: -0.01276482,-0.01479515,1.490724,188.4407
190.8222: -0.01441866,-0.0146933,1.489017,188.6422
191.2667: -0.02387749,-0.02285763,1.492385,192.9457
191.7111: -0.02990878,-0.02200644,1.506094,194.4055
192.1556: -0.01978888,-0.02720695,1.50342,189.4686
192.6: -0.0204174,-0.07096186,1.476103,193.4922
193.0444: -0.1535161,0.01579258,1.485343,267.7573
193.4889: -0.1178465,0.03972704,1.489389,309.6158
193.9333: 0.03433609,-0.05807684,1.473901,339.6521
194.3778: 0.3902406,-0.08235475,1.462763,20.35699
194.8222: 0.7611951,-0.07135259,1.467501,56.78727
195.2667: 1.055384,0.05117859,1.461359,93.44168
195.7111: 1.359335,0.0775075,1.445534,112.7423
Learning Tutorial: user selects target 3 position
